Target Vertex Index,Source Vertex Index,Best Sigma Coarse,Best Variance Explained Coarse
123169,4548,1.9693877551020407,0.8135347164999869
123169,4533,1.7561224489795917,0.8165951541016757
123169,4549,1.9693877551020407,0.8105672425519101
123169,5037,1.7561224489795917,0.8190973547956427
123169,4532,1.7561224489795917,0.8234843286615855
123169,5038,1.9693877551020407,0.8075396818958052
123169,111737,1.9693877551020407,0.8128818282388368
123169,102131,1.9693877551020407,0.8088096058090432
123169,4087,1.9693877551020407,0.8048688267300074
123169,4073,1.7561224489795917,0.8130530005128159
123169,99242,1.9693877551020407,0.8079284900832904
123169,5021,1.7561224489795917,0.8251470152583197
123169,5571,1.7561224489795917,0.8190306718538208
123169,5048,1.9693877551020407,0.8028959731889305
123169,5586,1.9693877551020407,0.8044066869017086
123169,5049,1.9693877551020407,0.7995444097386684
123169,5593,1.9693877551020407,0.8008591353793
123169,4564,1.9693877551020407,0.7998698338114624
123169,5050,1.9693877551020407,0.7959199649213977
123169,5039,1.9693877551020407,0.796422611853462
123169,4565,1.9693877551020407,0.7946283431621791
123169,105099,1.9693877551020407,0.7899413538481025
123169,5040,1.9693877551020407,0.791268654718257
123169,110830,1.9693877551020407,0.812836401062971
123169,99097,1.7561224489795917,0.8173239638005698
123169,5570,1.7561224489795917,0.8243403366528553
123169,6131,1.9693877551020407,0.8020026564800875
123169,5585,1.9693877551020407,0.8051295961101986
123169,6122,1.9693877551020407,0.7979769182309189
123169,6121,1.9693877551020407,0.8011329611813451
123169,6684,1.9693877551020407,0.7977521298575088
123169,6110,1.9693877551020407,0.793858580871978
123169,5572,1.9693877551020407,0.7931453867553303
123169,6675,1.9693877551020407,0.7945366298183958
123169,6683,1.9693877551020407,0.7997663867803165
123169,6108,1.9693877551020407,0.8112121714082112
123169,6107,1.7561224489795917,0.8141761525460163
123169,115812,1.7561224489795917,0.8200748309437236
123169,110107,1.9693877551020407,0.8079688023727705
123169,4074,1.9693877551020407,0.802932608365456
123169,118984,1.9693877551020407,0.8084384911552256
123169,4550,2.182653061224489,0.782551540089864
123169,4534,2.182653061224489,0.7842938868367308
123169,4076,1.9693877551020407,0.7881325728375207
123169,3628,1.7561224489795917,0.8169601689564907
123169,3635,1.9693877551020407,0.8058849501745969
123169,100675,1.9693877551020407,0.8024120696157103
123169,6109,1.9693877551020407,0.8088667794074105
123169,113742,1.9693877551020407,0.8098409190312952
123169,6119,1.9693877551020407,0.806115807889238
123169,5569,1.7561224489795917,0.8191212212399451
123169,5556,1.7561224489795917,0.8238637980205787
123169,4075,1.9693877551020407,0.79748320989385
123169,3636,1.9693877551020407,0.7978384255512397
123169,6682,1.9693877551020407,0.8023257869092988
123169,6120,1.9693877551020407,0.803026305091812
123169,6674,1.9693877551020407,0.7980585654536091
123169,6681,1.9693877551020407,0.8049382103402104
123169,6673,1.9693877551020407,0.8013065063388823
123169,108017,1.9693877551020407,0.8041540059713442
123169,6672,1.9693877551020407,0.80675710154271
123169,6093,1.9693877551020407,0.7896452530704253
123169,6659,2.182653061224489,0.7871091999583544
123169,107065,1.9693877551020407,0.793180284614742
123169,6658,1.9693877551020407,0.7959938615300374
123169,7293,1.9693877551020407,0.7987725347296045
123169,7305,1.9693877551020407,0.8031414201191119
123169,7304,1.9693877551020407,0.8054969569945016
123169,6671,1.9693877551020407,0.8089094131667192
123169,6657,1.9693877551020407,0.8072885020240601
123169,6670,1.9693877551020407,0.8095460207808797
123169,6656,1.9693877551020407,0.8074634486615573
123169,6092,1.7561224489795917,0.8126533534516067
123169,6083,2.182653061224489,0.7791189690715072
123169,6645,2.182653061224489,0.7809913965253553
123169,6644,2.182653061224489,0.788693319920655
123169,117645,2.182653061224489,0.7838736783438225
123169,7294,1.9693877551020407,0.7937988976300634
123169,7291,1.9693877551020407,0.8046969245274702
123169,6643,1.9693877551020407,0.807494512093515
123169,7290,1.9693877551020407,0.8042385687424574
123169,6071,2.182653061224489,0.7731456201221983
123169,6633,2.182653061224489,0.7826015990800763
123169,6634,2.182653061224489,0.7744607417443609
123169,7276,1.9693877551020407,0.7888784150406355
123169,7272,1.9693877551020407,0.8032070903400832
123169,101713,1.7561224489795917,0.8132491916391688
123169,6642,1.7561224489795917,0.8077812674907372
123169,6632,1.7561224489795917,0.80873791693871
123169,6081,1.7561224489795917,0.8121223070705776
123169,7271,1.9693877551020407,0.8046060507288794
123169,119753,2.395918367346938,0.7682689448320164
123169,6626,2.182653061224489,0.7715957857164322
123169,6060,2.395918367346938,0.7674163554995896
123169,6625,2.182653061224489,0.7778232140959285
123169,7261,2.182653061224489,0.7841408786143609
123169,6614,2.182653061224489,0.7702848455277462
123169,109463,2.182653061224489,0.774881132765977
123169,6615,2.395918367346938,0.7658892713009636
123169,7246,2.182653061224489,0.779752228329881
123169,5557,2.182653061224489,0.78821438810651
123169,98729,1.7561224489795917,0.8179378746791441
123169,6084,2.182653061224489,0.7777892096979875
123169,6072,2.182653061224489,0.7713145455560408
123169,6069,1.7561224489795917,0.8133007679471024
123169,6082,1.7561224489795917,0.8162270877634221
123169,5537,2.395918367346938,0.7627733524568108
123169,6061,2.395918367346938,0.7655230112432588
123169,5546,2.182653061224489,0.7733037244629453
123169,103992,2.182653061224489,0.7669572300506904
123169,5525,2.395918367346938,0.7582033447250088
123169,102221,2.395918367346938,0.7611060306150141
123169,6049,2.395918367346938,0.7633806197912387
123169,6050,2.395918367346938,0.7572002945767007
123169,6604,2.395918367346938,0.7600231096607718
123169,116601,1.9693877551020407,0.7914159643875044
123169,103259,1.9693877551020407,0.7870181729113817
123169,5012,1.7561224489795917,0.8298908613876091
123169,5020,1.7561224489795917,0.8293668711145299
123169,5555,1.7561224489795917,0.8246406713182208
123169,5558,2.182653061224489,0.7810336348207587
123169,5545,1.7561224489795917,0.8262196233577143
123169,5006,1.5428571428571427,0.8339166617458373
123169,121420,1.7561224489795917,0.8199538608693033
123169,5013,2.182653061224489,0.7748179256366399
123169,5007,2.182653061224489,0.7667776980665076
123169,100343,1.7561224489795917,0.8215115876659211
123169,4997,1.5428571428571427,0.8328716090279993
123169,5536,1.7561224489795917,0.8260153001774797
123169,5526,2.395918367346938,0.7548235818377074
123169,4998,2.395918367346938,0.7599482840194361
123169,5524,1.7561224489795917,0.8256124450822326
123169,4985,1.5428571428571427,0.8323082306955608
123169,6070,1.7561224489795917,0.8197792865059444
123169,4987,2.395918367346938,0.7509726712635177
123169,4977,2.609183673469387,0.746047599845622
123169,5515,2.395918367346938,0.7497729792410797
123169,5514,2.395918367346938,0.7536207416590531
123169,5504,2.609183673469387,0.7463102511736057
123169,116504,2.609183673469387,0.7436182689128858
123169,6038,2.609183673469387,0.7502039795119149
123169,5505,2.609183673469387,0.7395093152667767
123169,5492,2.609183673469387,0.7431238140902698
123169,5493,2.822448979591836,0.7380847749935933
123169,5480,2.822448979591836,0.7411032459017687
123169,6023,2.609183673469387,0.7461897403827884
123169,5022,1.9693877551020407,0.785823297384189
123169,4527,2.182653061224489,0.7772043536067927
123169,106287,2.182653061224489,0.7815145583252049
123169,4531,1.7561224489795917,0.830378287390607
123169,4526,1.5428571428571427,0.8355364674881467
123169,5008,2.182653061224489,0.767298678158171
123169,4525,1.5428571428571427,0.8396160711232107
123169,4511,2.395918367346938,0.7576786735373493
123169,4999,2.395918367346938,0.7569447152361698
123169,4528,2.182653061224489,0.7672039307481742
123169,4996,1.5428571428571427,0.8402072575621317
123169,4521,1.5428571428571427,0.8426345693589874
123169,5000,2.395918367346938,0.7472294551629599
123169,4512,2.395918367346938,0.7487258433617338
123169,4510,1.5428571428571427,0.8388009309701995
123169,4520,1.5428571428571427,0.8448652572033668
123169,4509,1.5428571428571427,0.8447926394092546
123169,4988,2.609183673469387,0.7411539922954533
123169,105460,1.5428571428571427,0.8377500707906842
123169,4986,1.5428571428571427,0.835516311087142
123169,5513,1.5428571428571427,0.8300543414242596
123169,4978,2.609183673469387,0.7383592642037742
123169,4089,1.9693877551020407,0.792033111635427
123169,4088,1.9693877551020407,0.798193930539138
123169,122070,1.9693877551020407,0.8016429861267964
123169,4077,2.182653061224489,0.7796900732564351
123169,4535,2.182653061224489,0.775464972322197
123169,4068,2.182653061224489,0.7732122651881898
123169,4061,2.182653061224489,0.7632650312896518
123169,4067,1.7561224489795917,0.8223098425417172
123169,4066,1.7561224489795917,0.8297721065982275
123169,4065,1.5428571428571427,0.8375891759268546
123169,4052,2.182653061224489,0.757899737673708
123169,98859,1.5428571428571427,0.8430189478111041
123169,4058,1.5428571428571427,0.8452952515652314
123169,112746,1.3295918367346937,0.8465360479361291
123169,4039,1.3295918367346937,0.8499977119396871
123169,4040,2.609183673469387,0.7412588270967554
123169,4500,2.609183673469387,0.7409052639673066
123169,4053,2.395918367346938,0.7487883072422736
123169,4031,1.5428571428571427,0.8422973983000239
123169,4030,1.3295918367346937,0.8475857188260868
123169,118316,1.3295918367346937,0.8502999536226135
123169,4032,2.609183673469387,0.7360263113501256
123169,4501,2.609183673469387,0.7358428655580496
123169,3646,1.9693877551020407,0.7915511119173486
123169,3647,1.9693877551020407,0.7866382632652642
123169,4090,1.9693877551020407,0.7831449638762323
123169,3630,2.182653061224489,0.7700052366783027
123169,115869,2.182653061224489,0.7752304284632099
123169,3622,2.182653061224489,0.7633095989699101
123169,98939,1.7561224489795917,0.8271733734901594
123169,4060,1.5428571428571427,0.8360258874243823
123169,4059,1.5428571428571427,0.8432296038656388
123169,4062,2.395918367346938,0.7526071202143616
123169,3623,2.395918367346938,0.7503527956469093
123169,3621,1.5428571428571427,0.8400290042159675
123169,3627,1.5428571428571427,0.8314074203854088
123169,4051,1.3295918367346937,0.8472955898270257
123169,3616,1.3295918367346937,0.8449912666943544
123169,4050,1.3295918367346937,0.8502381450395619
123169,3617,2.395918367346938,0.7444088523733259
123169,4054,2.395918367346938,0.7409730349622943
123169,3615,1.3295918367346937,0.8501743857820057
123169,3604,1.3295918367346937,0.851465758120725
123169,3605,2.609183673469387,0.7359906107216747
123169,3603,1.3295918367346937,0.8514291675634674
123169,4502,2.822448979591836,0.7317271806958247
123169,4033,2.609183673469387,0.731191243252291
123169,4022,1.5428571428571427,0.8453894557044488
123169,4498,1.5428571428571427,0.8393633553243479
123169,117499,1.5428571428571427,0.8422510621414471
123169,3596,1.3295918367346937,0.8512187016366335
123169,3591,1.3295918367346937,0.8503071851895975
123169,4018,1.3295918367346937,0.8467870148700707
123169,4023,1.5428571428571427,0.8445764111719771
123169,3578,1.3295918367346937,0.849837649052221
123169,118651,1.5428571428571427,0.8469459085885835
123169,3244,1.9693877551020407,0.7835996225800034
123169,3648,1.9693877551020407,0.780768960278784
123169,3243,1.9693877551020407,0.7905742177308452
123169,3234,1.9693877551020407,0.7982842750868127
123169,3233,1.7561224489795917,0.8068627465487985
123169,3629,1.7561224489795917,0.8146831144737144
123169,3631,2.182653061224489,0.7580754677151678
123169,3638,2.182653061224489,0.7657601888259267
123169,107741,1.7561224489795917,0.8230568017710057
123169,3228,1.7561224489795917,0.8175138519275524
123169,3226,1.5428571428571427,0.8346790293379949
123169,3227,1.5428571428571427,0.8248601602019059
123169,3624,2.395918367346938,0.7403903334561603
123169,3221,2.395918367346938,0.7466310099385204
123169,3222,2.395918367346938,0.738739327187748
123169,3220,1.5428571428571427,0.8389115290982351
123169,3618,2.609183673469387,0.7368849556142931
123169,3212,1.3295918367346937,0.8456323801287525
123169,3213,1.3295918367346937,0.8419379791802075
123169,3199,1.3295918367346937,0.8476395425941914
123169,120698,2.609183673469387,0.7336003899913184
123169,4041,2.609183673469387,0.7303994333626003
123169,3198,1.3295918367346937,0.8474218770651532
123169,3185,1.3295918367346937,0.8454653123415685
123169,3590,1.3295918367346937,0.8490252191049367
123169,3577,1.3295918367346937,0.8481493594142748
123169,112254,1.3295918367346937,0.8430914970654368
123169,3154,1.3295918367346937,0.8465449430703779
123169,3579,1.3295918367346937,0.8484808561306844
123169,3155,1.3295918367346937,0.8490886333420968
123169,2722,1.3295918367346937,0.8398002592228768
123169,110522,1.9693877551020407,0.7762465797653831
123169,3235,2.182653061224489,0.7753353495000197
123169,2826,1.9693877551020407,0.7820677606388542
123169,107128,1.9693877551020407,0.7895476341328526
123169,102576,2.182653061224489,0.7697007878069497
123169,2829,2.182653061224489,0.7660313242169661
123169,3637,2.182653061224489,0.7731826581012876
123169,104110,1.9693877551020407,0.797602766134049
123169,2809,1.7561224489795917,0.8093145448268282
123169,2808,1.7561224489795917,0.8179654444927433
123169,2807,1.5428571428571427,0.8285843972258357
123169,2794,1.5428571428571427,0.833181881302572
123169,3214,2.609183673469387,0.7341673068133976
123169,100914,2.609183673469387,0.7338327271640147
123169,3215,2.609183673469387,0.7310768969252177
123169,97902,2.395918367346938,0.7386058120899679
123169,2795,2.395918367346938,0.7425495553757815
123169,3229,2.182653061224489,0.753047755373013
123169,2793,1.3295918367346937,0.8357700154473282
123169,3223,2.609183673469387,0.7292808761378414
123169,3216,2.609183673469387,0.72376386127919
123169,3607,2.609183673469387,0.7273821594525396
123169,3606,2.609183673469387,0.7303125600396737
123169,2792,1.3295918367346937,0.8401162652751042
123169,116298,1.3295918367346937,0.8428110695660741
123169,2781,1.3295918367346937,0.840194277987006
123169,3211,1.3295918367346937,0.839381216027339
123169,107646,1.3295918367346937,0.8387802901777262
123169,3170,1.3295918367346937,0.8349071841638644
123169,105400,1.3295918367346937,0.8326015860828805
123169,2735,1.3295918367346937,0.8256912017083827
123169,2734,1.3295918367346937,0.8223600938807937
123169,3171,1.3295918367346937,0.8350232303934034
123169,113118,1.3295918367346937,0.8451014817511087
123169,3156,1.3295918367346937,0.8497806119440527
123169,108719,1.3295918367346937,0.8472062879712873
123169,2723,1.3295918367346937,0.8393180552835913
123169,2819,2.182653061224489,0.7509121687529032
123169,3236,2.182653061224489,0.7599186197064275
123169,2828,2.182653061224489,0.7601038496662356
123169,2423,2.182653061224489,0.7550786192152992
123169,2424,2.182653061224489,0.7463255671555216
123169,117075,2.182653061224489,0.7648260340279754
123169,2827,1.9693877551020407,0.7722401159154408
123169,116751,1.9693877551020407,0.7806613672308672
123169,2411,2.395918367346938,0.7387539819898352
123169,112918,2.395918367346938,0.7409117606422462
123169,2810,2.395918367346938,0.7469307512928677
123169,2811,2.395918367346938,0.7359714637216555
123169,116881,1.7561224489795917,0.809319438902511
123169,2817,1.7561224489795917,0.7990832546092943
123169,2384,1.5428571428571427,0.8246892078536294
123169,2397,1.5428571428571427,0.8110563969968361
123169,2796,2.609183673469387,0.7334703966171727
123169,2383,1.5428571428571427,0.8267837851642098
123169,106194,1.3295918367346937,0.8344517866738599
123169,106383,1.3295918367346937,0.8367007560448202
123169,2780,1.3295918367346937,0.8346090783403682
123169,2791,1.3295918367346937,0.8330772413950999
123169,3210,1.3295918367346937,0.8270585716495895
123169,2779,1.3295918367346937,0.8194769340854449
123169,2790,1.3295918367346937,0.820779290095722
123169,3219,1.3295918367346937,0.8073200929394216
123169,2789,1.1163265306122447,0.8034570093864242
123169,114018,1.3295918367346937,0.819092469512529
123169,2341,1.3295918367346937,0.807185659511596
123169,2736,1.3295918367346937,0.8289264647333656
123169,2753,1.3295918367346937,0.8069286492079835
123169,3184,1.3295918367346937,0.8181889187770646
123169,2330,1.3295918367346937,0.8295238196536014
123169,2329,1.3295918367346937,0.8266146824685112
123169,2724,1.3295918367346937,0.8398411066891622
123169,98561,2.395918367346938,0.733855014151552
123169,2021,2.182653061224489,0.738681455093064
123169,2422,2.182653061224489,0.7628615341583047
123169,2020,2.182653061224489,0.7483788389989268
123169,2019,2.182653061224489,0.7556919808900987
123169,101447,1.9693877551020407,0.7740212970095064
123169,2421,1.9693877551020407,0.7668971892029444
123169,2410,1.9693877551020407,0.7761670735313387
123169,2005,1.9693877551020407,0.7649944990527193
123169,2399,2.395918367346938,0.7336176267423378
123169,111093,2.395918367346938,0.7316354574567256
123169,2409,1.7561224489795917,0.7874731745003021
123169,2004,1.9693877551020407,0.775283025490034
123169,2818,1.9693877551020407,0.786590768130947
123169,1991,1.7561224489795917,0.7904388471308761
123169,2398,1.7561224489795917,0.8015919832150652
123169,1992,2.609183673469387,0.7270022182178596
123169,2400,2.609183673469387,0.7297176673117867
123169,1990,1.7561224489795917,0.8009113581888081
123169,1989,1.5428571428571427,0.8148393640897789
123169,120764,1.5428571428571427,0.8221126901778745
123169,1977,1.3295918367346937,0.822314933973429
123169,1978,1.5428571428571427,0.8169913906272667
123169,2382,1.3295918367346937,0.8288723505214469
123169,2381,1.3295918367346937,0.830440466442593
123169,2396,1.3295918367346937,0.8219739507189724
123169,2380,1.3295918367346937,0.821359216221375
123169,2395,1.3295918367346937,0.8167865848168363
123169,2806,1.1163265306122447,0.8069115995134404
123169,122664,1.1163265306122447,0.8111450110737445
123169,2342,1.3295918367346937,0.8026120488475258
123169,2359,1.3295918367346937,0.7901030515780618
123169,2752,1.3295918367346937,0.789367055779354
123169,122157,1.3295918367346937,0.8199938004536397
123169,2344,1.3295918367346937,0.814427251903953
123169,109860,1.3295918367346937,0.8310672758934661
123169,117708,1.3295918367346937,0.810016552758585
123169,2343,1.3295918367346937,0.8147005771724294
123169,1641,2.182653061224489,0.7313718075537623
123169,1631,2.395918367346938,0.7258581750689432
123169,110012,2.182653061224489,0.7396151027581414
123169,1629,1.9693877551020407,0.7499039820758169
123169,1628,1.9693877551020407,0.7611038904819594
123169,1620,1.7561224489795917,0.776657716671354
123169,2401,2.609183673469387,0.7252118399557104
123169,1993,2.609183673469387,0.7208753248343474
123169,2006,2.395918367346938,0.7265903914353148
123169,119194,2.609183673469387,0.7219763654702183
123169,118550,1.7561224489795917,0.7901912532149626
123169,102210,1.5428571428571427,0.8008876894865946
123169,99273,1.5428571428571427,0.8061918387999853
123169,1988,1.3295918367346937,0.8130949514348835
123169,1987,1.3295918367346937,0.8097762654339556
123169,1640,2.182653061224489,0.7258652263089305
123169,1630,2.395918367346938,0.7204059329057642
123169,1330,2.182653061224489,0.7318494529390124
123169,118905,2.182653061224489,0.7210000266146946
123169,1331,2.395918367346938,0.7160308540670033
123169,114722,2.609183673469387,0.7136320337011998
123169,1632,2.609183673469387,0.719284877880327
123169,1332,2.395918367346938,0.7105718545384552
123169,1329,1.9693877551020407,0.7404617122815506
123169,113236,1.7561224489795917,0.7587336175279136
123169,1319,1.5428571428571427,0.7651748730168929
123169,1619,1.5428571428571427,0.7852287543656016
123169,1318,1.5428571428571427,0.773072271932158
123169,1618,1.5428571428571427,0.7912378835734357
123169,1617,1.3295918367346937,0.800914100929658
123169,1317,0.26326530612244897,0.8322683792162551
123169,98468,1.3295918367346937,0.8033974937014436
123169,1316,0.05,0.8250415069400717
123169,1063,2.609183673469387,0.7018075728636033
123169,1333,2.609183673469387,0.703200444841002
123169,1062,2.395918367346938,0.7052959392913186
123169,1061,2.395918367346938,0.7099676234473691
123169,111431,2.182653061224489,0.7216093273936063
123169,107486,1.9693877551020407,0.7204030316796424
123169,1328,1.7561224489795917,0.7447249665719271
123169,1327,0.26326530612244897,0.8199412180207912
123169,1060,0.4765306122448979,0.7506400142895442
123169,1326,0.05,0.8473556893346106
123169,117541,0.6897959183673469,0.7788342003619506
123169,111585,0.6897959183673469,0.7925907283685054
123169,103317,0.9030612244897959,0.7238905301812752
123169,1325,0.4765306122448979,0.8218484512307442
123169,1616,1.1163265306122447,0.793333629944888
123169,1324,0.4765306122448979,0.8065680467763083
123169,1076,2.822448979591836,0.6950228893873281
123169,1077,2.822448979591836,0.6943815625204921
123169,1075,2.609183673469387,0.6958502845132335
123169,836,2.182653061224489,0.7074025986116297
123169,1074,2.609183673469387,0.6950106539016425
123169,1059,1.7561224489795917,0.7064494247363472
123169,834,1.9693877551020407,0.7000355133337504
123169,832,10.5,0.6823110709103811
123169,833,2.609183673469387,0.6864432548674537
123169,835,2.182653061224489,0.7012337447854249
123169,102567,2.609183673469387,0.6913802469307161
123169,847,2.822448979591836,0.6867423827518502
123169,846,6.661224489795917,0.682344304643326
123169,845,10.5,0.6817509013391749
123169,1073,10.5,0.6814083893632074
123169,844,10.5,0.6808814297516597
123169,1058,1.9693877551020407,0.6874713953267115
123169,660,10.5,0.6799382920809794
123169,661,10.5,0.6808450521127207
123169,843,10.5,0.680357299434531
123169,858,10.5,0.6796280667443179
123169,662,10.5,0.681326934774049
123169,663,10.5,0.681758546002863
123169,664,10.5,0.6821075751682135
123169,857,10.5,0.6794020388911963
123169,676,10.5,0.678922167794762
123169,869,10.5,0.6786077511194407
123169,685,10.5,0.6780614823097976
123169,675,10.5,0.6779111719985165
123169,112252,10.5,0.6782592647789216
123169,102632,10.5,0.6817752121129366
123169,101304,0.9030612244897959,0.701523261750262
123169,1072,10.5,0.6806147417824786
123169,849,3.888775510204081,0.6839445158754478
123169,848,4.9551020408163255,0.6826621890288154
123169,100876,3.462244897959183,0.6855230097946021
123169,118281,3.248979591836734,0.6874765141059321
123169,1342,2.822448979591836,0.6949975943304189
123169,1353,3.675510204081632,0.6858238823617036
123169,117679,0.6897959183673469,0.7200593560005237
123169,1057,0.9030612244897959,0.7210189834468789
123169,1323,0.6897959183673469,0.7598539564104093
123169,1642,2.822448979591836,0.7024454465825588
123169,1655,3.248979591836734,0.6900781845764572
123169,1085,10.5,0.6822058434754767
123169,1365,10.5,0.6819238082684143
123169,1366,8.36734693877551,0.6823861516119447
123169,1098,10.5,0.6812226109275022
123169,1109,10.5,0.680803343396367
123169,107573,10.5,0.6815109079972974
123169,1377,10.5,0.6815887233555515
123169,1669,4.10204081632653,0.6845512103343905
123169,1376,10.5,0.6805648827038163
123169,1692,10.5,0.680451571969999
123169,2053,10.5,0.681307686395944
123169,2043,10.5,0.6822704781274888
123169,1627,0.9030612244897959,0.7682378554219746
123169,1615,1.1163265306122447,0.7974529310671166
123169,1626,1.1163265306122447,0.7785868669033307
123169,1638,0.9030612244897959,0.7120404441979737
123169,1637,0.9030612244897959,0.711087960619371
123169,1643,2.609183673469387,0.7111134228334509
123169,2007,2.609183673469387,0.7157642410236087
123169,1341,10.5,0.6810775021928552
123169,106432,10.5,0.6808739131589154
123169,2015,0.9030612244897959,0.7241763290253708
123169,122440,10.5,0.6815109703904652
123169,1070,10.5,0.6814946127576338
123169,105012,3.035714285714285,0.6949285093747595
123169,1656,2.822448979591836,0.7037854570910965
123169,2022,2.822448979591836,0.7079763519231543
123169,2033,3.035714285714285,0.698050925054805
123169,1670,3.462244897959183,0.6877021649216608
123169,106319,9.220408163265306,0.6823739917618907
123169,2044,3.462244897959183,0.688255642948769
123169,1691,10.5,0.6793540279498393
123169,98949,10.5,0.6793819028830379
123169,2063,10.5,0.6803236449135294
123169,1986,1.1163265306122447,0.8071894671417271
123169,1994,2.609183673469387,0.7160045721743025
123169,2402,2.609183673469387,0.7185194261186888
123169,2412,2.822448979591836,0.7135946237499537
123169,2008,2.822448979591836,0.7113245373297337
123169,2034,2.822448979591836,0.7045269488780679
123169,2425,2.822448979591836,0.7090396183343578
123169,2027,10.5,0.680948594494885
123169,2003,1.1163265306122447,0.7660977482006889
123169,111400,0.9030612244897959,0.714737177637385
123169,99132,10.5,0.6807021653714419
123169,1649,10.5,0.6798777241893952
123169,1650,10.5,0.6797291183088566
123169,121887,3.035714285714285,0.6952885880169039
123169,2433,3.035714285714285,0.7020082963912211
123169,2456,10.5,0.682342839773588
123169,116830,3.675510204081632,0.687507894143579
123169,2054,10.5,0.6813503515758357
123169,2464,10.5,0.6808557962324497
123169,1935,1.3295918367346937,0.7992039377012583
123169,2360,1.3295918367346937,0.7897617204708746
123169,1936,1.3295918367346937,0.7963254894612741
123169,1937,1.3295918367346937,0.8043084749000827
123169,1950,1.3295918367346937,0.7709487233331334
123169,2358,1.3295918367346937,0.773973532444985
123169,1951,1.3295918367346937,0.7812938824008151
123169,1985,1.1163265306122447,0.801977371737784
123169,2385,2.609183673469387,0.7291151722992344
123169,2386,2.609183673469387,0.7239145126525368
123169,2820,2.822448979591836,0.7132893998793277
123169,2812,2.822448979591836,0.717552134649104
123169,2830,2.822448979591836,0.7074500148773182
123169,123245,3.035714285714285,0.6999150543780335
123169,2445,3.035714285714285,0.6959637148422234
123169,2444,3.462244897959183,0.6902917859459816
123169,2840,3.248979591836734,0.692665772901873
123169,113169,4.315306122448979,0.6844716104877135
123169,103205,10.5,0.6818832256312759
123169,104884,1.3295918367346937,0.8409148272318057
123169,111051,1.3295918367346937,0.7744701291542867
123169,2767,1.3295918367346937,0.7893873411546116
123169,2768,1.3295918367346937,0.8038247281337786
123169,3195,1.3295918367346937,0.7926187155999223
123169,101944,1.3295918367346937,0.7747149152382596
123169,3196,1.3295918367346937,0.8108156161057523
123169,2788,1.1163265306122447,0.7894572851026321
123169,2805,1.1163265306122447,0.7799492964227379
123169,123010,1.1163265306122447,0.7909695420862681
123169,2797,2.609183673469387,0.7283244827551223
123169,2798,2.609183673469387,0.7235169050683732
123169,3230,2.822448979591836,0.7185566724101375
123169,2804,0.9030612244897959,0.768011677455883
123169,2816,0.9030612244897959,0.7730376137234581
123169,2787,1.1163265306122447,0.7707808459393297
123169,2393,0.9030612244897959,0.7804896920864275
123169,2394,1.1163265306122447,0.7921497478383928
123169,3238,2.822448979591836,0.7137715964573259
123169,99871,2.822448979591836,0.712109498054087
123169,2392,0.6897959183673469,0.765995829866829
123169,2408,0.6897959183673469,0.7611022464732222
123169,3237,3.035714285714285,0.7069387034948443
123169,3252,3.248979591836734,0.6941913219243474
123169,3264,3.462244897959183,0.6893893265150122
123169,2839,3.675510204081632,0.687135454126915
123169,101805,1.3295918367346937,0.850321621821261
123169,3157,1.3295918367346937,0.8495333197833775
123169,3580,1.5428571428571427,0.8480328273780764
123169,3593,1.5428571428571427,0.848445467343246
123169,3172,1.3295918367346937,0.8498970190237294
123169,3158,1.3295918367346937,0.8512620580394722
123169,2727,1.3295918367346937,0.8520818709054756
123169,2726,1.3295918367346937,0.8502102661627191
123169,3173,1.3295918367346937,0.8516270210201635
123169,3594,1.5428571428571427,0.8491717011803396
123169,105786,1.5428571428571427,0.8501260959534094
123169,3174,1.3295918367346937,0.8505697600195645
123169,103373,1.3295918367346937,0.8523074135738123
123169,2737,1.3295918367346937,0.8529260811369741
123169,3582,1.5428571428571427,0.8506186652000094
123169,3175,1.3295918367346937,0.8518268255639027
123169,3581,1.5428571428571427,0.8499262795028463
123169,3595,1.5428571428571427,0.8496339516893023
123169,100514,1.3295918367346937,0.8523112370935502
123169,2738,1.3295918367346937,0.8532672011398619
123169,3159,1.5428571428571427,0.8507004357182308
123169,3197,1.3295918367346937,0.8275546035299577
123169,2778,1.1163265306122447,0.7772764816837583
123169,3208,1.3295918367346937,0.7944878346519719
123169,3209,1.3295918367346937,0.8141255842069232
123169,106769,1.1163265306122447,0.7798169549640512
123169,3625,2.822448979591836,0.7215499839424642
123169,3633,2.822448979591836,0.7180967827779632
123169,101047,2.822448979591836,0.7161507844953579
123169,119996,2.822448979591836,0.7098554119568925
123169,115511,3.035714285714285,0.7048516443509278
123169,3245,3.035714285714285,0.6999473908699956
123169,3641,2.822448979591836,0.7136090787550812
123169,3251,3.248979591836734,0.6947816384345321
123169,3650,3.035714285714285,0.6999193504163242
123169,102154,3.462244897959183,0.6893693734715642
123169,3279,4.10204081632653,0.6846890118723921
123169,4019,1.5428571428571427,0.8462500998031374
123169,3592,1.5428571428571427,0.8462601569073391
123169,4024,1.5428571428571427,0.8436813934462121
123169,105828,1.5428571428571427,0.8434599996778627
123169,4025,1.5428571428571427,0.8465498594038566
123169,4026,1.5428571428571427,0.8481214980711146
123169,4020,1.5428571428571427,0.8483964188358915
123169,4042,2.822448979591836,0.7260425431505264
123169,112921,2.822448979591836,0.7241672412726172
123169,101759,2.822448979591836,0.7182844845731289
123169,4063,2.822448979591836,0.7200942541705826
123169,3632,2.822448979591836,0.7154266017372884
123169,3640,3.035714285714285,0.7086989005981775
123169,110384,3.035714285714285,0.711590832284849
123169,4489,1.5428571428571427,0.841044814302504
123169,4490,1.5428571428571427,0.8405365498500946
123169,4491,1.5428571428571427,0.843369391330543
123169,4486,1.5428571428571427,0.8460347325456269
123169,4034,2.822448979591836,0.7270713419587018
123169,4503,2.822448979591836,0.7277759933524097
123169,102295,2.822448979591836,0.7237092053076326
123169,4513,2.822448979591836,0.7249988214734726
123169,4055,2.822448979591836,0.7220890716380893
123169,4522,2.822448979591836,0.7204534863785816
123169,115709,2.822448979591836,0.7192880961460545
123169,4071,2.822448979591836,0.7165541914612051
123169,4070,3.035714285714285,0.7120030500966649
123169,4538,3.035714285714285,0.7136515196821116
123169,4529,3.035714285714285,0.7168363244089127
123169,4499,1.5428571428571427,0.838106719249803
123169,4975,1.5428571428571427,0.83790574424319
123169,101491,1.5428571428571427,0.8409522957913017
123169,4974,1.5428571428571427,0.8343306487442516
123169,4493,2.822448979591836,0.7321685401984852
123169,4492,2.609183673469387,0.7354834979620593
123169,4494,2.822448979591836,0.7293286190903685
123169,4990,2.822448979591836,0.7249795741742977
123169,4981,2.822448979591836,0.7271074028406714
123169,5002,2.822448979591836,0.7222028542896911
123169,103102,3.035714285714285,0.7187975787929513
123169,5025,3.035714285714285,0.7141491147009882
123169,5014,3.035714285714285,0.7162163757559012
123169,4537,3.035714285714285,0.7099521066162835
123169,5024,3.035714285714285,0.7114598018523095
123169,4968,2.822448979591836,0.7357719003968222
123169,4979,2.822448979591836,0.7329919671512318
123169,5506,2.822448979591836,0.7314806219663452
123169,4969,2.822448979591836,0.7335881163465565
123169,5516,2.822448979591836,0.7294684992680038
123169,4980,2.822448979591836,0.7289896522166177
123169,5517,2.822448979591836,0.7273237160032489
123169,4989,2.822448979591836,0.7253692014173607
123169,5001,2.822448979591836,0.7222133306604595
123169,5538,3.035714285714285,0.7222074495737203
123169,5528,3.035714285714285,0.7247485145706001
123169,5009,3.035714285714285,0.7189793668579385
123169,5547,3.035714285714285,0.7201572543575803
123169,5548,3.035714285714285,0.717914197017873
123169,5559,3.035714285714285,0.7154855791076129
123169,108782,3.035714285714285,0.714187256535536
123169,5481,2.822448979591836,0.7380422404066656
123169,4953,2.822448979591836,0.7351973748444245
123169,4942,2.822448979591836,0.7355457634733704
123169,121163,2.822448979591836,0.7369447877972499
123169,5507,2.822448979591836,0.7322076130933817
123169,6039,2.822448979591836,0.7301672979109045
123169,6051,2.822448979591836,0.7287525448901615
123169,4970,2.822448979591836,0.7336425511720469
123169,6024,2.822448979591836,0.72999507456983
123169,5494,2.822448979591836,0.7327302215410423
123169,5527,2.822448979591836,0.7269487722832162
123169,6062,3.035714285714285,0.7244766205385884
123169,6052,3.035714285714285,0.7262100298519423
123169,6073,3.035714285714285,0.7219202294156264
123169,6085,3.035714285714285,0.719392939943934
123169,6037,2.609183673469387,0.7515198252161452
123169,120509,2.609183673469387,0.7548775001735852
123169,6040,3.035714285714285,0.7279029096256299
123169,6616,3.035714285714285,0.7257135049591348
123169,6605,3.035714285714285,0.727487859164069
123169,110755,3.035714285714285,0.7245112281039358
123169,6627,3.035714285714285,0.7228806091654333
123169,6617,3.035714285714285,0.7238938558886036
123169,7225,3.035714285714285,0.7252599068835708
123169,6606,3.035714285714285,0.7263214679498456
123169,7260,2.182653061224489,0.7856895527002349
123169,110803,1.9693877551020407,0.7905437842816727
123169,7275,1.9693877551020407,0.795374283856457
123169,112394,1.9693877551020407,0.8009824320440484
123169,7273,1.9693877551020407,0.7998764345657401
123169,7292,1.9693877551020407,0.8011041129773714
123169,7274,1.9693877551020407,0.7966911998843571
123169,2014,10.5,0.6803404820294858
123169,2026,10.5,0.679833678099625
123169,2418,0.4765306122448979,0.7232917926426145
123169,3176,1.3295918367346937,0.85098100682932
123169,108667,1.3295918367346937,0.8515834043037553
123169,2739,1.3295918367346937,0.8529523001754465
123169,103505,10.5,0.6818512536337622
123169,105129,10.5,0.6816073333337551
123169,2725,1.3295918367346937,0.8471380970679308
123169,1972,1.3295918367346937,0.7480785421345493
123169,110598,1.1163265306122447,0.7582880556744848
123169,859,10.5,0.681559957678953
123169,871,10.5,0.6807766141051581
123169,1097,10.5,0.6809467770258699
123169,2332,1.3295918367346937,0.8428800358561127
123169,2331,1.3295918367346937,0.8324943464670376
123169,1071,10.5,0.6815338595941214
123169,105859,10.5,0.6805251783126738
123169,1084,10.5,0.679374438619175
123169,115238,10.5,0.6805984900151034
123169,1083,10.5,0.679514367811044
123169,1349,10.5,0.6798918928517768
123169,2777,1.1163265306122447,0.7644191276448167
123169,2754,1.3295918367346937,0.8512096043370772
123169,2755,1.5428571428571427,0.8488753771867885
123169,2740,1.5428571428571427,0.8501653933312654
123169,2345,1.3295918367346937,0.8198880939571074
123169,4079,3.035714285714285,0.7071084823162168
123169,2377,0.6897959183673469,0.7528514812722623
123169,1971,0.9030612244897959,0.7297957459218622
123169,117008,1.9693877551020407,0.7924443330916173
123169,113657,1.3295918367346937,0.7581248629939727
123169,2002,0.9030612244897959,0.7621025845430855
123169,881,10.5,0.677536502347309
123169,1094,10.5,0.6783467424600091
123169,894,10.5,0.6773632131478805
123169,102609,1.9693877551020407,0.7963845413926096
123169,117747,5.8081632653061215,0.6827681486847812
123169,1949,1.3295918367346937,0.7523100194777849
123169,1962,1.3295918367346937,0.7355910056330275
123169,115341,10.5,0.6799646497378857
123169,1361,10.5,0.6787824614145355
123169,1093,10.5,0.6785646595564467
123169,3639,3.035714285714285,0.7044446079107349
123169,4954,2.822448979591836,0.7343008853174304
123169,4069,3.035714285714285,0.7077282020903698
123169,2379,0.05,0.7634584723642944
123169,2391,0.4765306122448979,0.7669444366435952
123169,2362,1.3295918367346937,0.8474003318018182
123169,2756,1.5428571428571427,0.8487394342961865
123169,2363,1.5428571428571427,0.8463335706798193
123169,2361,1.3295918367346937,0.8515411682154822
123169,2347,1.3295918367346937,0.8533035421554763
123169,104769,1.3295918367346937,0.8531175407793403
123169,2334,1.3295918367346937,0.8516143796612972
123169,2333,1.3295918367346937,0.8483312256539425
123169,115495,0.4765306122448979,0.6972167724944824
123169,2001,0.4765306122448979,0.7518755349912425
123169,120988,0.05,0.7636293330199584
123169,121094,0.4765306122448979,0.7649777249844023
123169,1984,0.05,0.7695369922305125
123169,105582,0.4765306122448979,0.7546937607959048
123169,1955,1.5428571428571427,0.8439750018482696
123169,1956,1.5428571428571427,0.8431657080722553
123169,2364,1.5428571428571427,0.8461791758535366
123169,1954,1.3295918367346937,0.8455451747470962
123169,1953,1.3295918367346937,0.8483422600354489
123169,2346,1.3295918367346937,0.8511644827598395
123169,119470,1.1163265306122447,0.8522953845432613
123169,1952,1.3295918367346937,0.8461491244252541
123169,1942,1.1163265306122447,0.850455863535135
123169,1938,1.3295918367346937,0.8223561793892433
123169,111670,1.3295918367346937,0.8089635840833502
123169,1927,1.3295918367346937,0.8462464493228967
123169,1928,1.3295918367346937,0.8503256943629747
123169,1926,1.3295918367346937,0.8407818870682587
123169,1925,1.3295918367346937,0.8346497460794466
123169,1663,10.5,0.6791030995079218
123169,2025,10.5,0.6792998763489473
123169,2024,10.5,0.6790685175386603
123169,2038,10.5,0.6785275453578217
123169,2013,10.5,0.6799530364235568
123169,2039,10.5,0.6784434217532102
123169,1662,10.5,0.6784716160244242
123169,1648,10.5,0.6791579300142072
123169,1636,10.5,0.6800439317905623
123169,2417,0.4765306122448979,0.7120138428442284
123169,99686,0.05,0.7699623882985188
123169,1961,1.3295918367346937,0.7230950294458762
123169,1604,1.1163265306122447,0.6966760053901253
123169,1609,0.4765306122448979,0.7234369682376575
123169,1580,1.5428571428571427,0.7238822536632356
123169,1592,1.5428571428571427,0.7066624979776526
123169,1964,1.5428571428571427,0.8402692509005997
123169,1963,1.5428571428571427,0.8409022243260866
123169,1957,1.5428571428571427,0.8424738144054758
123169,1588,1.5428571428571427,0.8416923670613108
123169,1587,1.5428571428571427,0.8404129426738706
123169,1586,1.3295918367346937,0.8399286895944813
123169,1570,1.1163265306122447,0.8457871080467299
123169,1593,1.3295918367346937,0.8370047924813706
123169,1566,1.5428571428571427,0.7702231157533679
123169,109559,1.5428571428571427,0.7554920769867175
123169,122887,1.5428571428571427,0.7826280799673976
123169,114453,1.5428571428571427,0.7477434132952008
123169,1941,1.1163265306122447,0.8454315802819787
123169,103892,1.1163265306122447,0.8400599705599192
123169,1940,1.3295918367346937,0.8387837960858862
123169,1939,1.3295918367346937,0.8317983886645366
123169,112831,1.1163265306122447,0.8313185865131438
123169,1569,1.3295918367346937,0.8199870193401093
123169,1568,1.3295918367346937,0.8055799716580052
123169,114524,1.3295918367346937,0.7941038818404861
123169,1567,1.3295918367346937,0.7824592288750674
123169,121419,10.5,0.6787402742801305
123169,1375,10.5,0.6795610161238479
123169,117023,10.5,0.6787537270587496
123169,1690,10.5,0.6782600821612069
123169,117512,10.5,0.6790806585010442
123169,1676,10.5,0.6782358834447078
123169,1347,10.5,0.6782792261566175
123169,1673,10.5,0.6778205028252475
123169,104556,10.5,0.6780191301310454
123169,1360,10.5,0.6789584306944897
123169,1664,10.5,0.6785615685339984
123169,1340,10.5,0.6796340059304427
123169,1348,10.5,0.6787045742425402
123169,1625,0.4765306122448979,0.6885518358896545
123169,112460,0.4765306122448979,0.7428844678005602
123169,103648,0.05,0.6867455272948366
123169,1614,0.4765306122448979,0.7226701988031248
123169,99082,0.4765306122448979,0.7459679488234503
123169,118946,0.4765306122448979,0.6952414816814423
123169,1322,10.5,0.6803238956888447
123169,1304,0.05,0.7239644010783284
123169,1311,0.05,0.7237641585610368
123169,1290,0.26326530612244897,0.6858257728685584
123169,1293,1.3295918367346937,0.8312016144249837
123169,116481,1.5428571428571427,0.8348359861610548
123169,103536,1.5428571428571427,0.8291149576605032
123169,1291,2.182653061224489,0.6932861058477657
123169,1594,1.5428571428571427,0.8376740600772241
123169,1585,1.1163265306122447,0.8406741902918968
123169,1284,1.1163265306122447,0.8340795272265016
123169,1283,1.1163265306122447,0.83410389823896
123169,1265,0.9030612244897959,0.8372296361992158
123169,1581,1.5428571428571427,0.7313634144020276
123169,1276,1.9693877551020407,0.7032344285012915
123169,1584,0.9030612244897959,0.8279605018560634
123169,113095,0.4765306122448979,0.8324492661284522
123169,113383,0.05,0.826267462359757
123169,1582,0.05,0.8097431681377635
123169,1583,0.26326530612244897,0.8185111196945766
123169,109788,0.05,0.7810357414731322
123169,109003,10.5,0.6798334983383257
123169,1118,10.5,0.6787498609412703
123169,1371,10.5,0.6776246528963659
123169,116972,10.5,0.677904745193437
123169,1359,10.5,0.6779173856217773
123169,1082,10.5,0.6789980947074199
123169,109661,10.5,0.6782006354773984
123169,1369,10.5,0.6776799956113432
123169,1069,0.05,0.6870560488240987
123169,1056,10.5,0.679643871965191
123169,1053,10.5,0.6801996775476394
123169,1037,0.05,0.7175531689594536
123169,1046,10.5,0.6813318302252569
123169,1292,1.3295918367346937,0.8236630405831934
123169,1032,1.5428571428571427,0.8198748651266221
123169,1031,1.3295918367346937,0.8124529194324275
123169,1030,1.3295918367346937,0.8078095179171889
123169,1018,0.9030612244897959,0.824513075545777
123169,1026,5.5948979591836725,0.6826313916607734
123169,99368,2.822448979591836,0.6864355265816464
123169,1025,0.05,0.6920960357890812
123169,114055,0.9030612244897959,0.8346063775523018
123169,1012,3.248979591836734,0.6856993119001867
123169,1277,1.7561224489795917,0.7263169478656406
123169,1013,2.182653061224489,0.6981353613252141
123169,1282,0.9030612244897959,0.8350774001967403
123169,115004,0.9030612244897959,0.8338643739293308
123169,1108,10.5,0.6786873738582417
123169,1117,10.5,0.6781417830606666
123169,1385,10.5,0.6781630080391028
123169,1384,10.5,0.6776476849195572
123169,109240,10.5,0.6781170815550209
123169,100226,10.5,0.6776151276626056
123169,887,10.5,0.6797808881755492
123169,886,10.5,0.6790068029128336
123169,103241,10.5,0.6783982722088994
123169,1104,10.5,0.677574312773479
123169,841,10.5,0.6784789027913798
123169,118351,10.5,0.6791842197279989
123169,830,10.5,0.6793786257504858
123169,104599,10.5,0.6790560161472635
123169,105329,10.5,0.6807135166988084
123169,825,10.5,0.6801391176900062
123169,811,10.5,0.6815530647630634
123169,821,10.5,0.6808514017171078
123169,806,1.5428571428571427,0.8091260636814444
123169,1294,1.5428571428571427,0.8250801964004053
123169,1038,1.5428571428571427,0.8176482539787558
123169,805,1.3295918367346937,0.7998078542116014
123169,804,1.3295918367346937,0.788792453517139
123169,1029,0.6897959183673469,0.8070804401370648
123169,1017,0.9030612244897959,0.8285489802930448
123169,1028,0.6897959183673469,0.8269546755572219
123169,104208,1.3295918367346937,0.7739087174570108
123169,803,1.3295918367346937,0.7674537983012668
123169,1016,0.6897959183673469,0.8366612369549672
123169,1281,0.6897959183673469,0.8374080349863933
123169,1027,0.4765306122448979,0.8150383622127966
123169,796,0.4765306122448979,0.7603580838728339
123169,1280,0.4765306122448979,0.8441517784000421
123169,802,1.5428571428571427,0.7409235687554048
123169,801,10.5,0.682111234828108
123169,800,10.5,0.6818425263033505
123169,100739,5.1683673469387745,0.6828537628725144
123169,1014,1.7561224489795917,0.7177815639232799
123169,1005,2.395918367346938,0.6957163247404305
123169,1004,3.035714285714285,0.6863849412439915
123169,787,5.3816326530612235,0.6828391021475675
123169,794,10.5,0.6823118308401475
123169,789,3.035714285714285,0.6881500160039166
123169,783,3.675510204081632,0.68465990844191
123169,104481,1.7561224489795917,0.717373848999109
123169,1015,2.182653061224489,0.7049974963532266
123169,788,5.1683673469387745,0.6829296126468924
123169,895,10.5,0.6770356610455766
123169,1114,10.5,0.6768541295992985
123169,1128,10.5,0.6765260216259379
123169,870,10.5,0.679814856725907
123169,111327,10.5,0.6789930444504209
123169,882,10.5,0.6774569072837767
123169,114693,10.5,0.6806450664297081
123169,679,10.5,0.6800117633353271
123169,670,10.5,0.6811945760653119
123169,100228,10.5,0.6785214148089305
123169,842,10.5,0.6776844734287324
123169,855,10.5,0.6776364146132401
123169,826,10.5,0.6794546731525726
123169,831,10.5,0.6786777330646994
123169,647,10.5,0.6795716010278623
123169,652,10.5,0.6787865581339718
123169,822,10.5,0.680256188930158
123169,812,10.5,0.6811017045461945
123169,99127,10.5,0.6804322135135776
123169,109219,10.5,0.6816207818561655
123169,639,10.5,0.6810895118318272
123169,816,1.5428571428571427,0.8087918675466992
123169,815,1.5428571428571427,0.7981856672194076
123169,814,1.5428571428571427,0.785137087053504
123169,813,1.3295918367346937,0.7735265966185988
123169,107455,1.5428571428571427,0.7535772555464999
123169,122491,1.5428571428571427,0.7479326776839318
123169,631,1.7561224489795917,0.7276695019833554
123169,630,1.9693877551020407,0.7166285302276125
123169,629,1.9693877551020407,0.7184743997661744
123169,634,10.5,0.681768336445669
123169,795,1.9693877551020407,0.7182947008777525
123169,114013,0.05,0.8198128233836771
123169,790,2.395918367346938,0.6952321962873423
123169,105210,1.9693877551020407,0.7179353854314963
123169,624,2.395918367346938,0.6970795896511784
123169,123116,10.5,0.6822806708962605
123169,628,10.5,0.6819548768757662
123169,623,3.675510204081632,0.6853012279657129
123169,117683,4.10204081632653,0.6839665039519313
123169,622,5.5948979591836725,0.6828195572747271
123169,615,5.5948979591836725,0.6828228134874796
123169,621,10.5,0.6823381119164995
123169,620,10.5,0.6822766261120411
123169,883,10.5,0.6775040976591082
123169,686,10.5,0.6783882614630601
123169,122955,10.5,0.6799093705513066
123169,688,10.5,0.6793003891202287
123169,669,10.5,0.68080391625819
123169,677,10.5,0.6793043450449783
123169,668,10.5,0.6808249187636928
123169,678,10.5,0.6798360063355338
123169,113891,10.5,0.6803154911768383
123169,653,10.5,0.6787794146063983
123169,117813,10.5,0.6782355406274747
123169,656,10.5,0.6780468776517363
123169,103653,10.5,0.6800501981490248
123169,648,10.5,0.6793438364548794
123169,635,10.5,0.6814008622634184
123169,640,10.5,0.6806136828370253
123169,115384,10.5,0.6805412154572622
123169,488,10.5,0.6818151938566908
123169,494,10.5,0.6810392163848288
123169,490,2.182653061224489,0.6989288443996373
123169,496,1.7561224489795917,0.7306110689797165
123169,491,1.9693877551020407,0.7096432726490225
123169,105761,2.182653061224489,0.7004570481640329
123169,108543,3.248979591836734,0.6867597884075642
123169,485,7.087755102040815,0.6825368557735569
123169,121989,6.447959183673468,0.6826322787203756
123169,483,10.5,0.6820831774063529
123169,484,10.5,0.682336860847379
123169,378,1.7561224489795917,0.7209415332654638
123169,377,2.182653061224489,0.7034405935066892
123169,641,1.5428571428571427,0.7579681076526948
123169,497,1.5428571428571427,0.7470452352165553
123169,489,10.5,0.6814388802241691
123169,495,10.5,0.6805524398134096
123169,107282,10.5,0.6803269603539734
123169,122668,2.395918367346938,0.6936223233179237
123169,363,3.675510204081632,0.6851467739783075
123169,360,10.5,0.6818221897941356
123169,367,10.5,0.6811356787628788
123169,362,8.36734693877551,0.6824427145250092
123169,361,10.5,0.6819712389264228
123169,100916,10.5,0.6821494372957463
123169,370,2.182653061224489,0.6967647915240445
123169,114200,1.7561224489795917,0.7176567540221643
123169,379,1.5428571428571427,0.7375411255053486
123169,369,3.462244897959183,0.6855125330020815
123169,224,2.822448979591836,0.6884057038476961
123169,223,4.315306122448979,0.6835952385942131
123169,118540,1.7561224489795917,0.7070269366826509
123169,214,9.860204081632652,0.6823826095890696
123169,222,10.5,0.6821007882381389
123169,111286,10.5,0.6815631533478705
123169,368,10.5,0.6807916637875648
123169,375,10.5,0.6804700203475529
123169,213,10.5,0.681874599189632
123169,212,10.5,0.6812679720047876
123169,91,6.0214285714285705,0.6826722799139638
123169,92,2.609183673469387,0.689099757318406
123169,113616,10.5,0.6821454182018547
123169,90,10.5,0.6815874188337507
123169,221,10.5,0.6813807818730451
123169,89,10.5,0.680912437697855
123169,220,10.5,0.6808141606939526
123169,88,10.5,0.6801844858738155
123169,108912,10.5,0.6803339587314154
123169,106068,10.5,0.6821101324045247
123169,81,10.5,0.6818744442089084
123169,104268,5.5948979591836725,0.6827481695233495
123169,80,10.5,0.6812991221142393
123169,24,10.5,0.6807628643616838
123169,29,10.5,0.6803696420902062
123169,97,10.5,0.679439184548816
123169,33,10.5,0.6794250417272286
123169,28,10.5,0.6798702396368198
123169,25,10.5,0.6816432753695333
123169,103622,10.5,0.6811862205407779
123169,32,10.5,0.6792749112385525
123169,104577,10.5,0.6789100367401698
123169,37,10.5,0.6788429824156216
123169,106423,10.5,0.6797401114297579
123169,31,10.5,0.6786716432823818
123169,27,10.5,0.6793514320650252
123169,106403,10.5,0.6789247534146083
123169,35,10.5,0.6781310647768279
123169,36,10.5,0.678356475649042
123169,30,10.5,0.6784151761542792
123169,111889,10.5,0.6786202799091746
123169,96,10.5,0.6781601361782086
123169,34,10.5,0.6779346746929547
123169,23,10.5,0.6802052135766368
123169,22,10.5,0.679610243512298
123169,26,10.5,0.6791667577872786
123169,16,10.5,0.6808950957670403
123169,109365,10.5,0.6804701501438857
123169,118578,10.5,0.6800386805414732
123169,100,10.5,0.6777014559360162
123169,115972,10.5,0.6775416363817449
123169,38,10.5,0.6776107994488696
123169,39,10.5,0.6777266727456837
123169,101,10.5,0.6783408298177512
123169,40,10.5,0.6778524602660807
123169,102,10.5,0.6786473502652989
123169,41,10.5,0.6770961618691138
123169,105,10.5,0.6771610304278878
123169,42,10.5,0.6772755515354796
123169,106,10.5,0.6780033456745378
123169,111,10.5,0.6773888827533798
123169,116884,10.5,0.6767715250308828
123169,109,10.5,0.6766572526100342
123169,115,10.5,0.6763836608431104
123169,110,10.5,0.6767438369797191
123169,238,10.5,0.6789638353343603
123169,119877,10.5,0.6796240640578052
123169,107,10.5,0.6782784266266023
123169,107782,10.5,0.6772686563482341
123169,104,10.5,0.6768157842370118
123169,112,10.5,0.6775381385505761
123169,245,10.5,0.67798269382642
123169,107316,10.5,0.6785719372437525
123169,108,10.5,0.6762847505697396
123169,117882,10.5,0.6761858355860622
123169,117,10.5,0.6764002858890428
123169,113849,10.5,0.6769646450301829
123169,116,10.5,0.6760977224560021
123169,101409,10.5,0.6763516098794795
123169,118,10.5,0.6768083730949334
123169,250,10.5,0.6774166621849855
123169,98746,10.5,0.6758134430707662
123169,121,10.5,0.6758209971876917
123169,122,10.5,0.675504134049994
123169,123,10.5,0.675794980519999
123169,124,10.5,0.6760677803463025
123169,397,10.5,0.677099268128676
123169,101710,10.5,0.6763241491419325
123169,110801,10.5,0.6753462028153536
123169,112284,10.5,0.6752675179279498
123169,127,10.5,0.6749389288755357
123169,128,10.5,0.675214075500375
123169,99561,10.5,0.6755274781413478
123169,263,10.5,0.6756154702926517
123169,126,10.5,0.6748059047505149
123169,117490,10.5,0.6742882863835964
123169,104453,10.5,0.6746551599412892
123169,129,10.5,0.6749832548296508
123169,270,10.5,0.6751903142203766
123169,131,10.5,0.6743477287193007
123169,277,10.5,0.6744866116811906
123169,134,10.5,0.6739072123525621
123169,116489,10.5,0.6739140837891155
123169,115205,10.5,0.6742167666533451
123169,130,10.5,0.6739365898544829
123169,104243,10.5,0.673513847294857
123169,102521,10.5,0.6735751921901514
123169,385,10.5,0.6792295360989048
123169,394,10.5,0.6777386706274156
123169,391,10.5,0.6784760527061457
123169,401,10.5,0.6757546915873394
123169,407,10.5,0.6748880927825531
123169,404,10.5,0.6755205987002747
123169,410,10.5,0.6738327556400951
123169,100964,10.5,0.6744055768403716
123169,376,10.5,0.6800552244981333
123169,384,10.5,0.6798242079462258
123169,503,1.5428571428571427,0.7600592543241368
123169,106980,1.5428571428571427,0.7338315162630442
123169,386,1.5428571428571427,0.7542710683687275
123169,118163,10.5,0.6791522302048782
123169,502,10.5,0.679632698983752
123169,380,1.5428571428571427,0.7552572362165126
123169,387,1.5428571428571427,0.7703175594575796
123169,504,1.5428571428571427,0.769452281332248
123169,388,1.5428571428571427,0.7824725927011875
123169,381,1.5428571428571427,0.7746166577214079
123169,505,1.5428571428571427,0.7831723176045166
123169,492,1.5428571428571427,0.7879244444705622
123169,498,1.5428571428571427,0.7929811254769157
123169,390,10.5,0.6780841520149185
123169,510,10.5,0.6787329681420039
123169,393,10.5,0.6775344689446245
123169,396,10.5,0.6768847177183794
123169,400,10.5,0.6762199613326405
123169,523,10.5,0.6756493831598508
123169,519,10.5,0.6762104226287503
123169,406,10.5,0.6749688198071926
123169,526,10.5,0.6751097341536374
123169,530,10.5,0.6744431711541214
123169,100752,10.5,0.6734419153528833
123169,290,10.5,0.6732438381439703
123169,101045,10.5,0.6735375296348425
123169,119190,10.5,0.6740035236443752
123169,373,1.5428571428571427,0.7920437241832716
123169,372,1.5428571428571427,0.7802181253359664
123169,120412,1.5428571428571427,0.8020250305144859
123169,113360,1.5428571428571427,0.7707439404527128
123169,506,1.5428571428571427,0.7969967229040219
123169,499,1.5428571428571427,0.8035486196597315
123169,636,1.5428571428571427,0.8144373386273162
123169,644,1.5428571428571427,0.8095284435811279
123169,509,10.5,0.6792290725326634
123169,501,10.5,0.6798458612841403
123169,642,1.5428571428571427,0.7774686342593222
123169,117497,1.5428571428571427,0.7896315291640452
123169,643,1.5428571428571427,0.7988578939828184
123169,512,10.5,0.6786895409024654
123169,513,10.5,0.6780855629190935
123169,101957,10.5,0.6781177451679901
123169,106771,10.5,0.6774695442110686
123169,516,10.5,0.6768315877263167
123169,518,10.5,0.6763762206232007
123169,98913,10.5,0.67681100630323
123169,522,10.5,0.6758629490423421
123169,674,10.5,0.6753579509949248
123169,529,10.5,0.6744942344273352
123169,684,10.5,0.6749294540915016
123169,532,10.5,0.6742201232179658
123169,533,10.5,0.6737567252383647
123169,409,10.5,0.6739013623186447
123169,695,10.5,0.6746261307822348
123169,537,10.5,0.6736843709849285
123169,700,10.5,0.6739672306320242
123169,534,10.5,0.6733567868723094
123169,538,10.5,0.6732029568555263
123169,539,10.5,0.6729202287863039
123169,411,10.5,0.6730571890139037
123169,701,10.5,0.6734115118080755
123169,709,10.5,0.6729365116251551
123169,543,10.5,0.6728075506174148
123169,414,10.5,0.6726862783803047
123169,540,10.5,0.6725978522358262
123169,417,10.5,0.6724255222061025
123169,544,10.5,0.6723625866665334
123169,553,10.5,0.6725707668155219
123169,423,10.5,0.6722248747297654
123169,122309,10.5,0.6723560725930233
123169,99177,10.5,0.6721614075166544
123169,719,10.5,0.6726196416095722
123169,797,1.5428571428571427,0.8267190559720367
123169,632,1.5428571428571427,0.8205162522064282
123169,807,1.5428571428571427,0.8215218322803927
123169,120652,1.5428571428571427,0.7651418251294685
123169,102763,1.5428571428571427,0.787438327104973
123169,817,1.5428571428571427,0.8196291262789684
123169,659,10.5,0.677205545425829
123169,658,10.5,0.6779011302635913
123169,515,10.5,0.6775145921120753
123169,103395,10.5,0.6772467928188153
123169,667,10.5,0.676614782258989
123169,666,10.5,0.6768763408143986
123169,102589,10.5,0.6761405246329102
123169,673,10.5,0.6757039688927116
123169,687,10.5,0.6788519100811985
123169,683,10.5,0.675307393321337
123169,884,10.5,0.6780259949116241
123169,119290,10.5,0.6787001173191979
123169,694,10.5,0.6749966496985037
123169,699,10.5,0.6744899783986369
123169,901,10.5,0.674122857605951
123169,900,10.5,0.6747891583975987
123169,708,10.5,0.6735023382751486
123169,911,10.5,0.6737435014412235
123169,718,10.5,0.6730741054030884
123169,917,10.5,0.6726971956117864
123169,106343,10.5,0.6731587760933376
123169,916,10.5,0.6735088100246653
123169,720,10.5,0.6723983845591548
123169,108689,10.5,0.6722021921854087
123169,722,10.5,0.6724190488165789
123169,120187,10.5,0.6722545701845346
123169,923,10.5,0.6724088137463518
123169,922,10.5,0.6726664793361905
123169,723,10.5,0.6722253572286667
123169,928,10.5,0.6721943002307039
123169,726,10.5,0.6720757687931623
123169,107776,10.5,0.6721107742041934
123169,113828,10.5,0.6720525087568288
123169,732,10.5,0.6719246811711177
123169,560,10.5,0.6719753317713639
123169,436,10.5,0.671828963856085
123169,109470,10.5,0.6717708799959181
123169,106177,10.5,0.6719382364959258
123169,731,10.5,0.6717730547953707
123169,808,1.5428571428571427,0.8307308977321339
123169,1019,1.5428571428571427,0.8352533870605086
123169,625,1.5428571428571427,0.8341112881502115
123169,818,1.5428571428571427,0.826936727227741
123169,1020,1.5428571428571427,0.8380193511225075
123169,1040,1.5428571428571427,0.8338684847180016
123169,1039,1.5428571428571427,0.8279947690214341
123169,1305,1.5428571428571427,0.8238135322437652
123169,856,10.5,0.6771201378236131
123169,1092,10.5,0.6774299719929309
123169,867,10.5,0.6769077676967533
123169,868,10.5,0.6764727157985192
123169,104157,10.5,0.6760998738316447
123169,114307,10.5,0.6766911318367173
123169,896,10.5,0.6769565553549546
123169,1106,10.5,0.6769723310913764
123169,897,10.5,0.6768650269334668
123169,885,10.5,0.6782417868731878
123169,1107,10.5,0.677421274826219
123169,105885,10.5,0.6776755707821399
123169,1115,10.5,0.6765886524750955
123169,1116,10.5,0.6763207863734723
123169,1105,10.5,0.6763254738827298
123169,910,10.5,0.6743888511574805
123169,1127,10.5,0.6750003659847803
123169,1126,10.5,0.675381391936377
123169,893,10.5,0.6752921813905963
123169,116175,10.5,0.6740405917109562
123169,1137,10.5,0.67470822988373
123169,1141,10.5,0.6736693729496925
123169,921,10.5,0.6729472174387843
123169,1147,10.5,0.6730277738768575
123169,1146,10.5,0.6733274251234276
123169,1148,10.5,0.6726395071347099
123169,1155,10.5,0.6723955356991151
123169,1162,10.5,0.6722071211619629
123169,932,10.5,0.672089868128563
123169,931,10.5,0.6719555136762513
123169,113460,10.5,0.6721004655499752
123169,1278,0.05,0.7772549753969591
123169,121553,0.05,0.7401019568584151
123169,111387,0.05,0.739915905163449
123169,109295,1.5428571428571427,0.839152347422643
123169,791,1.5428571428571427,0.839365607804029
123169,1033,1.5428571428571427,0.8393323742840102
123169,1021,1.5428571428571427,0.8417872970815303
123169,1008,1.5428571428571427,0.8415863354896611
123169,1009,1.5428571428571427,0.8437131639902371
123169,114761,1.5428571428571427,0.8432466833535203
123169,1022,1.5428571428571427,0.8420891467399474
123169,1285,1.5428571428571427,0.843857222176579
123169,1297,1.5428571428571427,0.8395753010829546
123169,1298,1.5428571428571427,0.8419303024293759
123169,1041,1.5428571428571427,0.8369045843758516
123169,1306,1.5428571428571427,0.8294559547429551
123169,1307,1.5428571428571427,0.833506800906091
123169,1296,1.5428571428571427,0.8368901181997179
123169,1103,10.5,0.6771425944534477
123169,112556,10.5,0.6763945630791612
123169,109186,10.5,0.6766401212985255
123169,1370,10.5,0.67726752776056
123169,114960,10.5,0.6771418692284178
123169,1372,10.5,0.6757061092896666
123169,1373,10.5,0.6761603252996834
123169,1383,10.5,0.6757428411586079
123169,1095,10.5,0.6764718634353204
123169,1096,10.5,0.6769108840850618
123169,1382,10.5,0.6766726593959438
123169,1396,10.5,0.6761430123557708
123169,1129,10.5,0.6760712431359956
123169,1398,10.5,0.6756369643430533
123169,892,10.5,0.6757794915515838
123169,116786,10.5,0.6754874614146209
123169,1113,10.5,0.6759654552681637
123169,1395,10.5,0.6752884042370411
123169,1397,10.5,0.6757688641606967
123169,119576,10.5,0.6755015362136205
123169,1404,10.5,0.6751566352037633
123169,1408,10.5,0.674821426258012
123169,1140,10.5,0.6742787061733626
123169,1145,10.5,0.6738845627707766
123169,1409,10.5,0.6744542732637533
123169,1419,10.5,0.673544756095537
123169,1410,10.5,0.6740605570352902
123169,1420,10.5,0.6733063153287291
123169,106315,10.5,0.6728884106540822
123169,1429,10.5,0.6726705019219051
123169,1434,10.5,0.6723783297836353
123169,1161,10.5,0.6721559253393563
123169,1279,0.26326530612244897,0.8337919599325653
123169,104889,0.4765306122448979,0.8461194853790036
123169,1571,1.5428571428571427,0.8454641085342898
123169,1269,1.5428571428571427,0.8456012264518082
123169,1589,1.5428571428571427,0.8430960699924961
123169,102036,1.5428571428571427,0.8318036116031865
123169,1295,1.5428571428571427,0.834692956045828
123169,1595,1.5428571428571427,0.8380640126952221
123169,1596,1.5428571428571427,0.8388019184273814
123169,1597,1.5428571428571427,0.8406512242413714
123169,107736,10.5,0.6767869454608783
123169,1674,10.5,0.6774403577020819
123169,1381,10.5,0.6770694917416757
123169,1687,10.5,0.6752288343989437
123169,1679,10.5,0.6752213287836921
123169,103181,10.5,0.6756338280741716
123169,1362,10.5,0.6758966805106379
123169,1685,10.5,0.6769689802840064
123169,1686,10.5,0.6763483177359102
123169,1703,10.5,0.6759493198683615
123169,114651,10.5,0.6752668451935895
123169,1374,10.5,0.6769007998815675
123169,1688,10.5,0.6771870460285991
123169,1689,10.5,0.6776270070426298
123169,1394,10.5,0.6758095217431923
123169,1700,10.5,0.6755999072729031
123169,107838,10.5,0.6753444991353071
123169,113497,10.5,0.6750588075833668
123169,1704,10.5,0.6749714264727048
123169,1707,10.5,0.6753207605859668
123169,1721,10.5,0.674886034242627
123169,1722,10.5,0.6745864625263394
123169,118703,10.5,0.6737717337026699
123169,1723,10.5,0.6742049615259585
123169,1732,10.5,0.6733064449470997
123169,1731,10.5,0.673689289684273
123169,1421,10.5,0.672971580811206
123169,1736,10.5,0.6729505692196631
123169,99396,10.5,0.6725982076217818
123169,1433,10.5,0.6722825274535005
123169,110355,1.5428571428571427,0.8418901072715183
123169,98342,1.5428571428571427,0.8444630672511897
123169,1965,1.5428571428571427,0.8403437657244758
123169,1677,10.5,0.6776078922545175
123169,1675,10.5,0.6769302304283406
123169,2047,10.5,0.677743705983644
123169,1682,10.5,0.6762197473051159
123169,1683,10.5,0.6763552928821132
123169,2056,10.5,0.6770652255640299
123169,2048,10.5,0.6777501568285411
123169,2057,10.5,0.6772926297377588
123169,115142,10.5,0.6768750915740531
123169,1666,10.5,0.6753196407485819
123169,1678,10.5,0.6750744048326012
123169,2050,10.5,0.6749393307919112
123169,2059,10.5,0.6748281841921829
123169,122129,10.5,0.6758410661948634
123169,1380,10.5,0.6762886727528268
123169,1684,10.5,0.6764104796741212
123169,1701,10.5,0.6757519464704126
123169,103926,10.5,0.6762339572727192
123169,1702,10.5,0.6755195488068697
123169,98174,10.5,0.6755493978372249
123169,1705,10.5,0.674830082439686
123169,1708,10.5,0.6751696183982244
123169,1709,10.5,0.6748116462509715
123169,116437,10.5,0.6750222072560811
123169,1712,10.5,0.6744927543177865
123169,2071,10.5,0.6744481096165968
123169,2072,10.5,0.674468044782033
123169,119693,10.5,0.6748777324695605
123169,2085,10.5,0.6744797631478296
123169,2088,10.5,0.6741216906292198
123169,1711,10.5,0.67461774926538
123169,2087,10.5,0.6741515527880741
123169,1724,10.5,0.6740057447817326
123169,2104,10.5,0.6736590089984635
123169,2086,10.5,0.6742772710979013
123169,2097,10.5,0.6738749258163584
123169,1733,10.5,0.673223623153046
123169,2105,10.5,0.6735493389300625
123169,2106,10.5,0.6734334451971897
123169,101738,10.5,0.6730423977960389
123169,2114,10.5,0.6731972214910519
123169,1745,10.5,0.6728123137475668
123169,1744,10.5,0.672449367166154
123169,2125,10.5,0.6728755059080367
123169,2113,10.5,0.6730215453841232
123169,107010,10.5,0.672658294930617
123169,99934,1.5428571428571427,0.8459996456187047
123169,2058,10.5,0.6747435358100472
123169,2049,10.5,0.6748491184951739
123169,2461,10.5,0.6745479286819616
123169,2462,10.5,0.674489073772483
123169,2089,10.5,0.6741664020214799
123169,2468,10.5,0.6742346141426223
123169,1710,10.5,0.6748099660897982
123169,2098,10.5,0.6737855595665967
123169,2099,10.5,0.6738948060398918
123169,2479,10.5,0.6739946796297047
123169,104074,10.5,0.6736311407872384
123169,2488,10.5,0.673750460656813
123169,2107,10.5,0.6733989403695061
123169,119402,10.5,0.6733237332068555
123169,2500,10.5,0.6735161087888151
123169,2126,10.5,0.6730564541759998
123169,2508,10.5,0.6731614602934322
123169,2518,10.5,0.6727625303294067
123169,98500,10.5,0.6729631477977183
123169,2467,10.5,0.6743005117719345
123169,2883,10.5,0.6740887609522597
123169,103727,10.5,0.674319390901976
123169,99677,10.5,0.674137921986407
123169,2901,10.5,0.6738995339721284
123169,2923,10.5,0.6735729619277755
123169,2912,10.5,0.6736967940843605
123169,2499,10.5,0.6733875938003819
123169,2507,10.5,0.6729990615116723
123169,2928,10.5,0.6732340249858275
123169,2124,10.5,0.6725103978067094
123169,2517,10.5,0.6725727056209156
123169,2506,10.5,0.6728057721323892
123169,116575,10.5,0.6739916068275695
123169,114034,10.5,0.6738324390605803
123169,2911,10.5,0.6736078964734231
123169,2922,10.5,0.6734785299660098
123169,2921,10.5,0.6733300008777199
123169,2927,10.5,0.6730620175903095
123169,114,10.5,0.6758202553746278
123169,120,10.5,0.6753789199666362
123169,428,10.5,0.6719972499769041
123169,556,10.5,0.6720452361070286
123169,98223,10.5,0.6720859914460915
123169,2900,10.5,0.6739693026913085
123169,2882,10.5,0.674116338122032
123169,1364,10.5,0.6768152988832385
123169,137,10.5,0.673150366425304
123169,138,10.5,0.6729901894456733
123169,1350,10.5,0.6755665211048321
123169,880,10.5,0.6755845037603707
123169,879,10.5,0.6761089247647369
123169,133,10.5,0.6737291776050143
123169,116849,10.5,0.6733531221976801
123169,110460,10.5,0.6730856868376991
123169,730,10.5,0.671778847566004
123169,233,1.5428571428571427,0.7359595498191904
123169,122139,10.5,0.6724573628308823
123169,1007,1.5428571428571427,0.8417095637462251
123169,136,10.5,0.6730586287015289
123169,109048,10.5,0.6727521414936057
123169,101151,10.5,0.6727698856919428
123169,109281,10.5,0.6750081951017917
123169,105007,10.5,0.6719764994309827
123169,101318,10.5,0.673760217809708
123169,1268,1.5428571428571427,0.8450073348850593
123169,1267,1.5428571428571427,0.8436852811285301
123169,132,10.5,0.6734325901628562
123169,108191,10.5,0.6742539933544061
123169,116490,10.5,0.6739029993577126
123169,225,1.5428571428571427,0.7143108524629739
123169,365,1.5428571428571427,0.8058655387357597
123169,1743,10.5,0.672339759235639
123169,103519,10.5,0.6738494012848211
123169,262,10.5,0.6749315567625936
123169,125,10.5,0.6746043260843153
123169,112106,10.5,0.6727782798857833
123169,143,10.5,0.6724436287289188
123169,144,10.5,0.6724607572648313
123169,276,10.5,0.6741689602212517
123169,1166,10.5,0.6717930926212642
123169,1160,10.5,0.6720091807557986
123169,937,10.5,0.6717754375417955
123169,283,10.5,0.6735086672585737
123169,110099,10.5,0.6738414684214806
123169,115404,10.5,0.6737263625821738
123169,2899,10.5,0.6739067351597049
123169,2910,10.5,0.6734903177446581
123169,145,10.5,0.6727507699202622
123169,121441,10.5,0.6725288227858884
123169,313,10.5,0.6721055171930095
123169,320,10.5,0.6719796702997951
123169,2926,10.5,0.6729122613465754
123169,2920,10.5,0.6731818171903242
123169,122657,10.5,0.6727125652398398
123169,2498,10.5,0.6727771121396304
123169,2919,10.5,0.6730426921029822
123169,2909,10.5,0.6733249644982086
123169,2497,10.5,0.6728786925085186
123169,2918,10.5,0.6731502981073272
123169,2487,10.5,0.6729971356685911
123169,2908,10.5,0.6732572555397767
123169,122212,10.5,0.67338609678759
123169,2898,10.5,0.6735755830669993
123169,2123,10.5,0.6723544356313755
123169,2516,10.5,0.6723712148579951
123169,2505,10.5,0.6725534364064278
123169,2122,10.5,0.6721984440777596
123169,2515,10.5,0.6722263092981663
123169,115014,10.5,0.6723935133893513
123169,104326,10.5,0.6721068960190594
123169,99797,10.5,0.672097299906119
123169,2112,10.5,0.6722507634939854
123169,111505,10.5,0.6726161437705792
123169,100939,10.5,0.6727277353179533
123169,2486,10.5,0.6728660784670095
123169,2907,10.5,0.673112078915655
123169,1750,10.5,0.672133398895395
123169,2132,10.5,0.672034124057965
123169,1749,10.5,0.6719320805220153
123169,1432,10.5,0.6721102665001348
123169,2131,10.5,0.6718710264949159
123169,1441,10.5,0.6719059474874296
123169,106205,10.5,0.6718018565555807
123169,119958,10.5,0.6718109060407353
123169,1363,10.5,0.6763126178815825
123169,1667,10.5,0.6762157406670115
123169,122168,10.5,0.6765242652923733
123169,1654,10.5,0.6758259336214056
123169,1352,10.5,0.676014197994912
123169,1351,10.5,0.6757639058870737
123169,1260,1.5428571428571427,0.8455583257377683
123169,1259,1.5428571428571427,0.8441058169175315
123169,1266,1.5428571428571427,0.8428681720579589
123169,1006,1.5428571428571427,0.8415627725151429
123169,785,1.5428571428571427,0.8387465344636515
123169,116423,1.5428571428571427,0.8315708003568001
123169,486,1.5428571428571427,0.8208197268305677
123169,432,10.5,0.6719108666077315
123169,431,10.5,0.6717985163458656
123169,121313,10.5,0.6717494882205578
123169,564,10.5,0.6717021167456749
123169,427,10.5,0.6718786184170948
123169,322,10.5,0.6717581391349436
123169,324,10.5,0.6716944574746422
123169,319,10.5,0.671882757701043
123169,303,10.5,0.6722868964452706
123169,298,10.5,0.6725046372767925
123169,297,10.5,0.6727693147379364
123169,371,1.5428571428571427,0.7617218256835958
123169,98350,10.5,0.6720000917960751
123169,311,10.5,0.6719479559236565
123169,318,10.5,0.6718062342025546
123169,312,10.5,0.6721317146205088
123169,160,10.5,0.6722556632427605
123169,159,10.5,0.6720711110209037
123169,302,10.5,0.6724149732085059
123169,161,10.5,0.671886271385326
123169,146,10.5,0.6726701523495755
123169,153,10.5,0.672466955041895
123169,269,10.5,0.674453260742599
123169,275,10.5,0.6740491551424783
123169,118000,10.5,0.6746947259520153
123169,268,10.5,0.6743480653978032
123169,119,10.5,0.6754068414528429
123169,261,10.5,0.6750507134549513
123169,99153,10.5,0.674766508030866
123169,101462,10.5,0.6754529402007254
123169,103748,10.5,0.6751477013021128
123169,226,1.5428571428571427,0.7448168770215778
123169,108882,10.5,0.6722630630334938
123169,158,10.5,0.6720440842340318
123169,152,10.5,0.6721600922774645
123169,115596,10.5,0.672993150102161
123169,135,10.5,0.673116002853507
123169,113,10.5,0.6758168341378668
123169,100368,10.5,0.6719686358664574
123169,2496,10.5,0.672466457792523
123169,99048,10.5,0.6725883489597718
123169,142,10.5,0.6726859844997577
123169,6002,2.822448979591836,0.7384431787883332
123169,6003,2.822448979591836,0.7357944826774374
123169,5990,2.822448979591836,0.7369592627917891
123169,6563,2.822448979591836,0.7390022641802793
123169,6562,2.822448979591836,0.7418943439281745
123169,5467,2.822448979591836,0.7363420382106891
123169,6001,2.822448979591836,0.7418107231089844
123169,6014,2.822448979591836,0.7397310512012076
123169,5468,2.822448979591836,0.734631127653232
123169,6004,3.035714285714285,0.7341545170071098
123169,5991,3.035714285714285,0.7354023490340509
123169,5992,3.035714285714285,0.7339417743810484
123169,100873,3.035714285714285,0.7323911674452344
123169,106837,3.035714285714285,0.7328586935998986
123169,6013,2.822448979591836,0.7435723264491645
123169,6548,2.822448979591836,0.7415098257546296
123169,6561,2.822448979591836,0.7455545483872325
123169,6575,2.609183673469387,0.7460161527731743
123169,6549,2.822448979591836,0.7374900991356457
123169,6589,2.609183673469387,0.7487027742958112
123169,6588,2.609183673469387,0.7523384111310883
123169,118665,2.609183673469387,0.7503633430672073
123169,121455,2.609183673469387,0.752387485442741
123169,6564,3.035714285714285,0.7320405289438977
123169,6015,3.035714285714285,0.730584372489018
123169,6576,3.035714285714285,0.7302077168462024
123169,5482,2.822448979591836,0.7339025573020688
123169,105069,3.035714285714285,0.7314966326831362
123169,98689,2.609183673469387,0.7562363306616917
123169,6590,3.035714285714285,0.7290389243663356
123169,115526,3.035714285714285,0.7283229259330081
123169,6591,3.035714285714285,0.7273571978655233
123169,115262,3.035714285714285,0.7286584659003734
123169,105269,3.035714285714285,0.7301119845567046
123169,111021,3.035714285714285,0.7318010813303848
123169,6551,3.035714285714285,0.733805679818512
123169,7180,2.822448979591836,0.7455703079618796
123169,7179,2.609183673469387,0.7490963017787253
123169,6550,3.035714285714285,0.7354121582499569
123169,6542,3.035714285714285,0.7355376824375238
123169,7165,3.035714285714285,0.7326975923740748
123169,7155,3.035714285714285,0.734455805980512
123169,6541,3.035714285714285,0.7371518231183612
123169,108735,2.822448979591836,0.7394395980651928
123169,7163,2.822448979591836,0.7425704582743893
123169,7154,3.035714285714285,0.7355148813236254
123169,7153,3.035714285714285,0.7371950313886183
123169,7164,2.822448979591836,0.7396798176861004
123169,123111,2.822448979591836,0.7350923553069877
123169,101911,2.395918367346938,0.7621278831048229
123169,7142,3.035714285714285,0.7359768074811496
123169,7143,3.035714285714285,0.7349414691075193
123169,7806,3.035714285714285,0.7336595524823981
123169,7822,3.035714285714285,0.7311709643721214
123169,7181,3.035714285714285,0.7304508590042765
123169,7197,3.035714285714285,0.728571942140865
123169,7835,3.035714285714285,0.7293189293783755
123169,101421,3.035714285714285,0.7330438474239146
123169,7792,3.035714285714285,0.7348176587144071
123169,8493,3.035714285714285,0.7292215377775109
123169,8481,3.035714285714285,0.7309820969840878
123169,7836,3.035714285714285,0.7281531159801953
123169,122741,3.035714285714285,0.7314307948942798
123169,8466,3.035714285714285,0.7328238004934066
123169,9116,3.035714285714285,0.7291758094462915
123169,110304,3.035714285714285,0.7305599454258043
123169,9129,3.035714285714285,0.7278008800676354
123169,109030,3.035714285714285,0.7291886375843326
123169,9128,3.035714285714285,0.7280392165953454
123169,8451,3.035714285714285,0.7342969983337598
123169,9775,3.035714285714285,0.7284805980106
123169,9764,3.035714285714285,0.7299886774572857
123169,9755,3.035714285714285,0.7310131388704195
123169,9107,3.035714285714285,0.7322695290489658
123169,9763,3.035714285714285,0.730378395765048
123169,10431,3.035714285714285,0.7296100192690445
123169,9754,3.035714285714285,0.7311175238131262
123169,10430,3.035714285714285,0.73020110210244
123169,9096,3.035714285714285,0.7325881871137347
123169,110061,3.035714285714285,0.7342616061345209
123169,106153,3.035714285714285,0.7339167510870936
123169,8450,3.035714285714285,0.7357772442250958
123169,102359,3.035714285714285,0.7352895088701292
123169,7791,3.035714285714285,0.7363194079775464
123169,10446,3.035714285714285,0.729446941260564
123169,11064,3.035714285714285,0.7304227014808709
123169,10419,3.035714285714285,0.731006710569565
123169,11078,3.035714285714285,0.7297155017824044
123169,10447,3.035714285714285,0.7285336297338345
123169,11093,3.035714285714285,0.7286408454826927
123169,11779,3.035714285714285,0.7299098919883358
123169,117593,3.035714285714285,0.7293432833757401
