Target Vertex Index,Source Vertex Index,Best Sigma Coarse,Best Variance Explained Coarse
189,4548,10.5,0.4162178477796368
189,4533,10.5,0.4164649533424102
189,4549,10.5,0.41611067345898534
189,5037,10.5,0.41651046049636475
189,4532,10.5,0.4167832823153861
189,5038,10.5,0.4158351488173704
189,111737,10.5,0.4161596841992363
189,102131,10.5,0.4158767040803224
189,4087,10.5,0.41579424621333405
189,4073,10.5,0.4164166316908664
189,99242,10.5,0.4160716578160477
189,5021,10.5,0.4168780909511155
189,5571,10.5,0.41654324481509597
189,5048,10.5,0.41559885995132617
189,5586,10.5,0.41562828402292107
189,5049,10.5,0.41544899076229425
189,5593,10.5,0.41546046882545107
189,4564,10.5,0.41555445435989213
189,5050,10.5,0.4153541286860669
189,5039,10.5,0.41527923021508484
189,4565,10.5,0.41545317909861135
189,105099,10.5,0.4152287478802127
189,5040,10.5,0.4151435600819279
189,110830,10.5,0.41625101222367233
189,99097,10.5,0.4165587647743142
189,5570,10.5,0.41691039479586944
189,6131,10.5,0.4154937980551794
189,5585,10.5,0.4156592165490798
189,6122,10.5,0.41530122203523645
189,6121,10.5,0.4154488533734553
189,6684,10.5,0.4152883371086459
189,6110,10.5,0.41511246926800904
189,5572,10.5,0.41510664556612975
189,6675,10.5,0.415159800038416
189,6683,10.5,0.41540354082693287
189,6108,10.5,0.4162732018143529
189,6107,10.5,0.41655126789293406
189,115812,10.5,0.41678530881170994
189,110107,10.5,0.416269510430358
189,4074,10.5,0.41588106055421303
189,118984,10.5,0.41586136955556907
189,4550,10.5,0.4151032149061208
189,4534,10.5,0.4149887045958691
189,4076,10.5,0.4153632981880412
189,3628,10.5,0.4168262069827723
189,3635,10.5,0.41649629703640967
189,100675,10.5,0.41608067580402885
189,6109,10.5,0.4160082990583318
189,113742,10.5,0.41598976690769485
189,6119,10.5,0.41575960437657966
189,5569,10.5,0.4168374960636687
189,5556,10.5,0.4170131705860136
189,4075,10.5,0.41582094358972577
189,3636,10.5,0.4160907357267869
189,6682,10.5,0.41557826749564664
189,6120,10.5,0.4155662350495355
189,6674,10.5,0.41537351422662827
189,6681,10.5,0.4157844604128469
189,6673,10.5,0.41561795486445474
189,108017,10.5,0.41580663180551825
189,6672,10.5,0.41600128801172265
189,6093,10.5,0.41494298035851174
189,6659,10.5,0.4148465847147357
189,107065,10.5,0.41515609518069074
189,6658,10.5,0.41536065032521075
189,7293,10.5,0.41560441298453077
189,7305,10.5,0.41583535305536734
189,7304,10.5,0.41608557429153104
189,6671,10.5,0.41626879433882
189,6657,10.5,0.41628187324041477
189,6670,10.5,0.41642738488530584
189,6656,10.5,0.41641619408999286
189,6092,10.5,0.41665386687179706
189,6083,10.5,0.414511162355526
189,6645,10.5,0.41462877337362836
189,6644,10.5,0.4150303898705513
189,117645,10.5,0.41469699980066865
189,7294,10.5,0.415352974553558
189,7291,10.5,0.4161986715144701
189,6643,10.5,0.41657848595671354
189,7290,10.5,0.4163464376787629
189,6071,10.5,0.414323805122343
189,6633,10.5,0.4148224407178077
189,6634,10.5,0.4144500147273221
189,7276,10.5,0.41520756804417025
189,7272,10.5,0.41647889621608447
189,101713,10.5,0.41684319924605706
189,6642,10.5,0.41673914341578855
189,6632,10.5,0.41686370508369053
189,6081,10.5,0.4169408411378632
189,7271,10.5,0.4166676534811554
189,119753,10.5,0.4142673473018367
189,6626,10.5,0.4144730712645399
189,6060,10.5,0.4141749606585977
189,6625,10.5,0.41472499649314787
189,7261,10.5,0.41507251576166637
189,6614,10.5,0.41454696602271557
189,109463,10.5,0.4147053220222844
189,6615,10.5,0.41424629096342136
189,7246,10.5,0.4149682821948929
189,5557,10.5,0.41489672013182266
189,98729,10.5,0.41690240654399613
189,6084,10.5,0.4144811944768685
189,6072,10.5,0.4142702830962688
189,6069,10.5,0.417056040880872
189,6082,10.5,0.4170612538022437
189,5537,10.5,0.4140711569513581
189,6061,10.5,0.41410394860935795
189,5546,10.5,0.41437337884066294
189,103992,10.5,0.4142045451170253
189,5525,10.5,0.4139289704985627
189,102221,10.5,0.4139711448774551
189,6049,10.5,0.41406704305625286
189,6050,10.5,0.41386803425453667
189,6604,10.5,0.41399266340796415
189,116601,10.5,0.4150816706877072
189,103259,10.5,0.4148945668843723
189,5012,10.5,0.4173390891474117
189,5020,10.5,0.4172114103784529
189,5555,10.5,0.41716348163276284
189,5558,10.5,0.4146269191211228
189,5545,10.5,0.41740255665124837
189,5006,10.5,0.4176766978480341
189,121420,10.5,0.41708803095921076
189,5013,10.5,0.41449175989794274
189,5007,10.5,0.41426614465151035
189,100343,10.5,0.417259095865005
189,4997,10.5,0.4177680425573793
189,5536,10.5,0.41753053608913293
189,5526,10.5,0.4139325119621565
189,4998,10.5,0.414084300018821
189,5524,10.5,0.41762914790152317
189,4985,10.5,0.4178893542440454
189,6070,10.5,0.4173056073863278
189,4987,10.5,0.41396413630937456
189,4977,10.5,0.41381888739653505
189,5515,10.5,0.41379585615176906
189,5514,10.5,0.41379980432124897
189,5504,10.5,0.4136676379736157
189,116504,10.5,0.413707845501864
189,6038,10.5,0.413678867123215
189,5505,10.5,0.4135832802521001
189,5492,10.5,0.4135508043184757
189,5493,10.5,0.4134741295054959
189,5480,10.5,0.4134603527386921
189,6023,10.5,0.41355910356731274
189,5022,10.5,0.41492081193872377
189,4527,10.5,0.414670734609065
189,106287,10.5,0.4147149813381795
189,4531,10.5,0.4172682136853505
189,4526,10.5,0.4176028373398496
189,5008,10.5,0.4143847666106968
189,4525,10.5,0.41788125391744224
189,4511,10.5,0.4142980599932964
189,4999,10.5,0.41414471363646166
189,4528,10.5,0.41452385616444176
189,4996,10.5,0.41807311305201433
189,4521,10.5,0.41816085589150376
189,5000,10.5,0.4140114172864494
189,4512,10.5,0.4141272642564543
189,4510,10.5,0.41811193430160987
189,4520,10.5,0.41841888929322857
189,4509,10.5,0.41849000862275276
189,4988,10.5,0.41386284196292566
189,105460,10.5,0.4181657778774538
189,4986,10.5,0.4181481708218697
189,5513,10.5,0.41790979647021864
189,4978,10.5,0.4136954219673783
189,4089,10.5,0.4155990445628367
189,4088,10.5,0.41564644254394656
189,122070,10.5,0.4157172797445262
189,4077,10.5,0.41522411484892063
189,4535,10.5,0.4147960029265467
189,4068,10.5,0.41493573589660426
189,4061,10.5,0.4146362893680322
189,4067,10.5,0.41685978700382165
189,4066,10.5,0.4173325173395964
189,4065,10.5,0.41777676231017935
189,4052,10.5,0.4144282805029321
189,98859,10.5,0.4181339256938399
189,4058,10.5,0.4183916205703323
189,112746,10.5,0.41856326184623804
189,4039,10.5,0.4188770985417477
189,4040,10.5,0.4141265269673968
189,4500,10.5,0.413988133670784
189,4053,10.5,0.41428128509590834
189,4031,10.5,0.41841952322751863
189,4030,10.5,0.41884305649826636
189,118316,10.5,0.4190056991183134
189,4032,10.5,0.414010315096658
189,4501,10.5,0.41388619128859805
189,3646,10.5,0.4158284968851794
189,3647,10.5,0.4156822225796095
189,4090,10.5,0.4154904262774829
189,3630,10.5,0.4150693962477058
189,115869,10.5,0.4153080087938089
189,3622,10.5,0.4148299300935234
189,98939,10.5,0.4173911961600948
189,4060,10.5,0.4178982268298065
189,4059,10.5,0.4183535458990125
189,4062,10.5,0.4144639578782394
189,3623,10.5,0.4146459756577654
189,3621,10.5,0.41848004615410905
189,3627,10.5,0.41797843552332226
189,4051,10.5,0.41869777244479467
189,3616,10.5,0.41900315091981544
189,4050,10.5,0.4188804132426741
189,3617,10.5,0.414402526120788
189,4054,10.5,0.41425153515338065
189,3615,10.5,0.4192588613894821
189,3604,10.5,0.4193657442869202
189,3605,10.5,0.4141645139511273
189,3603,10.5,0.41943587478120337
189,4502,10.5,0.4139214061134735
189,4033,10.5,0.41405294976254725
189,4022,10.5,0.41874147322223343
189,4498,10.5,0.4183424944622405
189,117499,10.5,0.4185173643309231
189,3596,10.5,0.41937421440152123
189,3591,10.5,0.41927877109350764
189,4018,10.5,0.41901058712814876
189,4023,10.5,0.4187450939110269
189,3578,10.5,0.41944237625116965
189,118651,10.5,0.4190454089380623
189,3244,10.5,0.4158754916350835
189,3648,10.5,0.4156798738297346
189,3243,10.5,0.4160983787556013
189,3234,10.5,0.41645658431894994
189,3233,10.5,0.41694318116533535
189,3629,10.5,0.4170323944406026
189,3631,10.5,0.4149488588915047
189,3638,10.5,0.4152315862311511
189,107741,10.5,0.4174612221933406
189,3228,10.5,0.4174941739961947
189,3226,10.5,0.41851630146410634
189,3227,10.5,0.41802700887907407
189,3624,10.5,0.4145111344697159
189,3221,10.5,0.4148925408999983
189,3222,10.5,0.4147339090394567
189,3220,10.5,0.41899554322642985
189,3618,10.5,0.4143258058780206
189,3212,10.5,0.41963353062686315
189,3213,10.5,0.4193901737722202
189,3199,10.5,0.41976486375319455
189,120698,10.5,0.4142653739522135
189,4041,10.5,0.41419129818826417
189,3198,10.5,0.4198740604130691
189,3185,10.5,0.42002000532748196
189,3590,10.5,0.4197444689600198
189,3577,10.5,0.41982039270122895
189,112254,10.5,0.4201513243829128
189,3154,10.5,0.41996255192343446
189,3579,10.5,0.41929251540202384
189,3155,10.5,0.4197452129934883
189,2722,10.5,0.42031581030309395
189,110522,10.5,0.41598894125497576
189,3235,10.5,0.41579346335793843
189,2826,10.5,0.41613573120726066
189,107128,10.5,0.4164362574576289
189,102576,10.5,0.41600253089765404
189,2829,10.5,0.4157614370186682
189,3637,10.5,0.41552265606006333
189,104110,10.5,0.41688903537713273
189,2809,10.5,0.4174406620006711
189,2808,10.5,0.4180945365928227
189,2807,10.5,0.41851731465880704
189,2794,10.5,0.41900031854291475
189,3214,10.5,0.4145186078301244
189,100914,10.5,0.41486438202797504
189,3215,10.5,0.41471690730337374
189,97902,10.5,0.4149087486962687
189,2795,10.5,0.41507170030748586
189,3229,10.5,0.4151412485187205
189,2793,10.5,0.4194481122822663
189,3223,10.5,0.41492571544434076
189,3216,10.5,0.4148044148727058
189,3607,10.5,0.41455948643608675
189,3606,10.5,0.41435392221541834
189,2792,10.5,0.4197504659749035
189,116298,10.5,0.4200435144411713
189,2781,10.5,0.42005190835407
189,3211,10.5,0.42032180544031095
189,107646,10.5,0.42037272404897075
189,3170,10.5,0.42052807965914285
189,105400,10.5,0.4206214876808084
189,2735,10.5,0.42085376049095613
189,2734,10.5,0.4209689012244011
189,3171,10.5,0.4205191088601361
189,113118,10.5,0.4201105886141364
189,3156,10.5,0.4195906574064229
189,108719,10.5,0.42007146578310595
189,2723,10.5,0.4203766344725668
189,2819,10.5,0.4157055068150771
189,3236,10.5,0.41544281543640205
189,2828,10.5,0.41602496712990833
189,2423,10.5,0.4162984307800025
189,2424,10.5,0.41607172797722336
189,117075,10.5,0.4161956511428626
189,2827,10.5,0.4162212829397327
189,116751,10.5,0.4164282481385837
189,2411,10.5,0.41581976364035134
189,112918,10.5,0.4155658833213821
189,2810,10.5,0.4153582494230996
189,2811,10.5,0.4153316195544381
189,116881,10.5,0.4178601267679861
189,2817,10.5,0.41740001855318787
189,2384,10.5,0.418869294655112
189,2397,10.5,0.41840671905537974
189,2796,10.5,0.4150527239664461
189,2383,10.5,0.4195540214546106
189,106194,10.5,0.4198707651036293
189,106383,10.5,0.42007344882615427
189,2780,10.5,0.4204982591204999
189,2791,10.5,0.4204615938020756
189,3210,10.5,0.4208415626804579
189,2779,10.5,0.42110617547711593
189,2790,10.5,0.4210394565467538
189,3219,10.5,0.4214637850483727
189,2789,10.5,0.42168916605324747
189,114018,10.5,0.4210600694920392
189,2341,0.4765306122448979,0.4377604474960508
189,2736,10.5,0.4207375770773959
189,2753,0.4765306122448979,0.4561293727783876
189,3184,10.5,0.42111300223855674
189,2330,10.5,0.4207964781488005
189,2329,10.5,0.4208344580302812
189,2724,10.5,0.42043624640435606
189,98561,10.5,0.4161074792252515
189,2021,10.5,0.41639327529854087
189,2422,10.5,0.41648029300991596
189,2020,10.5,0.41664002607901485
189,2019,10.5,0.4168975525424712
189,101447,10.5,0.416592848403349
189,2421,10.5,0.4168029277023708
189,2410,10.5,0.4170503669125424
189,2005,10.5,0.41721830085573375
189,2399,10.5,0.4156354127498839
189,111093,10.5,0.4158706859766702
189,2409,10.5,0.4174663025329838
189,2004,10.5,0.41762691111840444
189,2818,10.5,0.41685504091218384
189,1991,10.5,0.4180730813586465
189,2398,10.5,0.41795544575886856
189,1992,10.5,0.41575557830544485
189,2400,10.5,0.4155075698823619
189,1990,10.5,0.41853103214674237
189,1989,10.5,0.41908490826300626
189,120764,10.5,0.4193147769603246
189,1977,10.5,0.4200875770710495
189,1978,10.5,0.41963555933904484
189,2382,10.5,0.42006621026869473
189,2381,10.5,0.4203616195834403
189,2396,10.5,0.42051627998983576
189,2380,10.5,0.42093856013457753
189,2395,10.5,0.42093571705015087
189,2806,10.5,0.42160958032282514
189,122664,10.5,0.42136632454356604
189,2342,0.26326530612244897,0.44288639390238416
189,2359,0.05,0.5189180471245297
189,2752,0.05,0.5301721542317444
189,122157,10.5,0.42117223769104606
189,2344,10.5,0.4212600413989265
189,109860,10.5,0.42085343302078093
189,117708,10.5,0.4213453140391413
189,2343,10.5,0.4211893944664067
189,1641,10.5,0.4167950459668911
189,1631,10.5,0.41648316236763905
189,110012,10.5,0.4170917560873776
189,1629,10.5,0.4174198902891344
189,1628,10.5,0.41781447369046054
189,1620,10.5,0.4183270184601814
189,2401,10.5,0.4155223443178129
189,1993,10.5,0.41579774706022077
189,2006,10.5,0.4160742223736842
189,119194,10.5,0.4160040626682656
189,118550,10.5,0.4185993989564514
189,102210,10.5,0.41905985154387937
189,99273,10.5,0.4195746172700554
189,1988,10.5,0.42005303687356077
189,1987,10.5,0.420620643377446
189,1640,10.5,0.4172518836419855
189,1630,10.5,0.41699420386412833
189,1330,10.5,0.4176019690259901
189,118905,10.5,0.41765784829677133
189,1331,10.5,0.41744726970685053
189,114722,10.5,0.41681987977651114
189,1632,10.5,0.4163273197992601
189,1332,10.5,0.4172675974641338
189,1329,10.5,0.41812685168289776
189,113236,10.5,0.4183796568463828
189,1319,10.5,0.41888245414003156
189,1619,10.5,0.41898322886520223
189,1318,10.5,0.41944246033121
189,1618,10.5,0.4195206010226885
189,1617,10.5,0.4199944229620872
189,1317,10.5,0.42005273301413426
189,98468,10.5,0.4204170454300007
189,1316,10.5,0.4205070746083982
189,1063,10.5,0.41755590841883505
189,1333,10.5,0.41731066777856496
189,1062,10.5,0.41768319946411836
189,1061,10.5,0.4179733505542188
189,111431,10.5,0.4180812799520668
189,107486,10.5,0.41874509709845975
189,1328,10.5,0.4187749176436927
189,1327,10.5,0.4193007361844816
189,1060,10.5,0.41928483601751165
189,1326,10.5,0.4198357212632752
189,117541,10.5,0.41963756002100105
189,111585,10.5,0.4203546087290737
189,103317,10.5,0.42009391287215714
189,1325,10.5,0.4206641854501564
189,1616,10.5,0.4209713158624456
189,1324,10.5,0.42105617864450096
189,1076,10.5,0.4179068659482472
189,1077,10.5,0.41773725710073284
189,1075,10.5,0.4181734552715515
189,836,10.5,0.41853061511273537
189,1074,10.5,0.4185543102369085
189,1059,10.5,0.4197838801896172
189,834,10.5,0.41943633019442295
189,832,10.5,0.42043066186839395
189,833,10.5,0.41998036567317687
189,835,10.5,0.41902109722490255
189,102567,10.5,0.4190080143613847
189,847,10.5,0.4194684134149992
189,846,10.5,0.41994294224590833
189,845,10.5,0.4204588005405754
189,1073,10.5,0.4211364188919082
189,844,10.5,0.4211189628553095
189,1058,10.5,0.42066001467003455
189,660,10.5,0.42143398428583334
189,661,10.5,0.42089337736986243
189,843,10.5,0.42163407743460257
189,858,7.727551020408162,0.4218632900211977
189,662,10.5,0.42047165433250344
189,663,10.5,0.42003800211902687
189,664,10.5,0.4196057364516963
189,857,3.888775510204081,0.4235289126185646
189,676,4.9551020408163255,0.4224426095286177
189,869,3.462244897959183,0.4250048264902937
189,685,3.462244897959183,0.4258428827630726
189,675,3.248979591836734,0.4281732108833711
189,112252,3.035714285714285,0.4287770359687504
189,102632,10.5,0.4211867698744025
189,101304,10.5,0.4209096283413696
189,1072,10.5,0.42178489954910525
189,849,10.5,0.4187877524910719
189,848,10.5,0.41916714255955734
189,100876,10.5,0.4184257102056025
189,118281,10.5,0.41812002341766574
189,1342,10.5,0.41756788727307126
189,1353,10.5,0.41807071807179064
189,117679,10.5,0.4215409830101895
189,1057,10.5,0.42123176820183894
189,1323,10.5,0.42154562984736355
189,1642,10.5,0.41708313176841016
189,1655,10.5,0.4176574846006017
189,1085,10.5,0.4186398211172603
189,1365,10.5,0.4186081208405832
189,1366,10.5,0.4182565317760355
189,1098,10.5,0.4191042637028247
189,1109,10.5,0.41921321571985914
189,107573,10.5,0.4187170414171596
189,1377,10.5,0.41853973638315445
189,1669,10.5,0.4178357560074818
189,1376,10.5,0.4192016127488385
189,1692,10.5,0.41911221523625786
189,2053,10.5,0.418543369878177
189,2043,10.5,0.4180520197047348
189,1627,10.5,0.42161472234636266
189,1615,10.5,0.4211864383428471
189,1626,10.5,0.4217490616443088
189,1638,4.741836734693877,0.4224997683907963
189,1637,3.248979591836734,0.42454787711419006
189,1643,10.5,0.41655961175981804
189,2007,10.5,0.4161253947804664
189,1341,2.609183673469387,0.4278923406988362
189,106432,2.182653061224489,0.43343501222110514
189,2015,2.822448979591836,0.4268019922770745
189,122440,2.395918367346938,0.4302118447143899
189,1070,4.10204081632653,0.42299376927984933
189,105012,10.5,0.41721694074524096
189,1656,10.5,0.41677309956540054
189,2022,10.5,0.41640070463687173
189,2033,10.5,0.416808977582655
189,1670,10.5,0.41743617725650717
189,106319,10.5,0.4178620950272256
189,2044,10.5,0.4172258216824787
189,1691,10.5,0.41990898456530523
189,98949,10.5,0.4197342081708113
189,2063,10.5,0.41903345159418015
189,1986,10.5,0.4210631113933476
189,1994,10.5,0.41586220333781265
189,2402,10.5,0.4155867881822797
189,2412,10.5,0.4158079169897967
189,2008,10.5,0.41605542939830953
189,2034,10.5,0.41632109937386463
189,2425,10.5,0.4159533381267895
189,2027,1.9693877551020407,0.4376997626648794
189,2003,3.675510204081632,0.4234796512073946
189,111400,2.182653061224489,0.4333371819238927
189,99132,1.7561224489795917,0.44432162359343097
189,1649,1.9693877551020407,0.44485323909359986
189,1650,2.182653061224489,0.44121174194508217
189,121887,10.5,0.41668773102741274
189,2433,10.5,0.4162238527652278
189,2456,10.5,0.41773265441527285
189,116830,10.5,0.41713273706299103
189,2054,10.5,0.4183996475246654
189,2464,10.5,0.4185828224752324
189,1935,10.5,0.4216245431637914
189,2360,0.05,0.49463269719583347
189,1936,10.5,0.42175317142695445
189,1937,10.5,0.4216690701930953
189,1950,0.05,0.5470418208852444
189,2358,0.26326530612244897,0.5501505758293082
189,1951,0.05,0.46417605564004105
189,1985,10.5,0.42151784914067225
189,2385,10.5,0.4152932804421998
189,2386,10.5,0.4153004327395623
189,2820,10.5,0.4156426498300647
189,2812,10.5,0.41531523635129874
189,2830,10.5,0.4158238764419745
189,123245,10.5,0.41614459526897984
189,2445,10.5,0.4164881235876856
189,2444,10.5,0.41684709679211884
189,2840,10.5,0.41658966493972216
189,113169,10.5,0.41730036477283416
189,103205,10.5,0.4178989383659849
189,104884,10.5,0.4205362576245891
189,111051,0.05,0.5437192558971997
189,2767,0.05,0.5059427347693384
189,2768,0.4765306122448979,0.4608695237972671
189,3195,0.4765306122448979,0.46502213702418127
189,101944,0.26326530612244897,0.4891097880184797
189,3196,0.26326530612244897,0.4388457967570637
189,2788,4.741836734693877,0.4224554260358214
189,2805,3.248979591836734,0.4243500582033276
189,123010,4.528571428571428,0.4225847816770337
189,2797,10.5,0.41512278699041105
189,2798,10.5,0.41506441323957566
189,3230,10.5,0.4150357653222152
189,2804,2.182653061224489,0.4305815400926569
189,2816,2.609183673469387,0.428287312825277
189,2787,2.822448979591836,0.42637390874672354
189,2393,3.248979591836734,0.42432429621687684
189,2394,6.0214285714285705,0.42205999547087736
189,3238,10.5,0.4152470883300585
189,99871,10.5,0.41551036055465984
189,2392,1.9693877551020407,0.4365504234931481
189,2408,2.182653061224489,0.4334323756947416
189,3237,10.5,0.4156429934689658
189,3252,10.5,0.4163959604418751
189,3264,10.5,0.4167433558588345
189,2839,10.5,0.41698391822337677
189,101805,10.5,0.41987871009697253
189,3157,10.5,0.41953162651824216
189,3580,10.5,0.41925331902304974
189,3593,10.5,0.4192611171831585
189,3172,10.5,0.4195665426356403
189,3158,10.5,0.41987207158074547
189,2727,10.5,0.42019086873695477
189,2726,10.5,0.42020430794526853
189,3173,10.5,0.4198784742685677
189,3594,10.5,0.41932903826895207
189,105786,10.5,0.41959011809830093
189,3174,10.5,0.4197595436171281
189,103373,10.5,0.4200617611699107
189,2737,10.5,0.4202596664407211
189,3582,10.5,0.4197983537914566
189,3175,10.5,0.42005578243158714
189,3581,10.5,0.4195181893046509
189,3595,10.5,0.41943117337850255
189,100514,10.5,0.4203140911110842
189,2738,10.5,0.4203671391386069
189,3159,10.5,0.4200367845269828
189,3197,10.5,0.42081783286966534
189,2778,3.675510204081632,0.42354073142362836
189,3208,10.5,0.4217833913343788
189,3209,10.5,0.42126227462025867
189,106769,3.675510204081632,0.4236965049947935
189,3625,10.5,0.41463753283970084
189,3633,10.5,0.41485007018215714
189,101047,10.5,0.4150346859779782
189,119996,10.5,0.41535103185038813
189,115511,10.5,0.41560774748389906
189,3245,10.5,0.415975498050551
189,3641,10.5,0.41506391315239954
189,3251,10.5,0.41625286210111045
189,3650,10.5,0.41583644647678497
189,102154,10.5,0.4166703054637966
189,3279,10.5,0.4171166143724194
189,4019,10.5,0.4189576802360344
189,3592,10.5,0.4189743193355858
189,4024,10.5,0.4187306075121695
189,105828,10.5,0.41874815929923137
189,4025,10.5,0.41901383730884245
189,4026,10.5,0.41918376735874396
189,4020,10.5,0.41924830366859356
189,4042,10.5,0.41427022118012735
189,112921,10.5,0.41444409355460876
189,101759,10.5,0.4146876403718903
189,4063,10.5,0.41453007883534354
189,3632,10.5,0.4148330068939714
189,3640,10.5,0.41529201246810643
189,110384,10.5,0.41503973907047975
189,4489,10.5,0.41850935181545557
189,4490,10.5,0.41853564603543636
189,4491,10.5,0.4187526373324859
189,4486,10.5,0.4189833091230897
189,4034,10.5,0.41411998504509284
189,4503,10.5,0.41397959432273623
189,102295,10.5,0.41420709243715825
189,4513,10.5,0.414080111513229
189,4055,10.5,0.4143656841434813
189,4522,10.5,0.41431373202631483
189,115709,10.5,0.4144554936313485
189,4071,10.5,0.41462295237274716
189,4070,10.5,0.41488068607335193
189,4538,10.5,0.41465352528868893
189,4529,10.5,0.4144553848949831
189,4499,10.5,0.41835275010055994
189,4975,10.5,0.4184012424402339
189,101491,10.5,0.4185875719156301
189,4974,10.5,0.4181716493855776
189,4493,10.5,0.41380236172898055
189,4492,10.5,0.4137764969505233
189,4494,10.5,0.41386870407788257
189,4990,10.5,0.4139878231923879
189,4981,10.5,0.413894322286233
189,5002,10.5,0.41414314439061095
189,103102,10.5,0.41429199802161687
189,5025,10.5,0.4145166431770173
189,5014,10.5,0.41437185009695254
189,4537,10.5,0.41488985185048355
189,5024,10.5,0.41470687749380464
189,4968,10.5,0.41357613992714226
189,4979,10.5,0.41366502955771645
189,5506,10.5,0.41357712165559446
189,4969,10.5,0.4135401810133752
189,5516,10.5,0.4136663672547596
189,4980,10.5,0.41377955288777235
189,5517,10.5,0.4137502784214079
189,4989,10.5,0.41386751483295703
189,5001,10.5,0.4140190853918637
189,5538,10.5,0.41390974385059476
189,5528,10.5,0.4137705895481407
189,5009,10.5,0.4141847872301325
189,5547,10.5,0.41405029822500816
189,5548,10.5,0.41415064806260826
189,5559,10.5,0.414301359035144
189,108782,10.5,0.41443478776107734
189,5481,10.5,0.41340771600640747
189,4953,10.5,0.413486087605507
189,4942,10.5,0.41339377007671907
189,121163,10.5,0.4135240121931443
189,5507,10.5,0.41349052144849385
189,6039,10.5,0.41351339069408477
189,6051,10.5,0.41358248219546034
189,4970,10.5,0.4134710705606718
189,6024,10.5,0.4134328940119243
189,5494,10.5,0.4134183990610668
189,5527,10.5,0.41366678567290993
189,6062,10.5,0.4136666038561282
189,6052,10.5,0.4135762686762433
189,6073,10.5,0.41379525908337955
189,6085,10.5,0.4139908047093318
189,6037,10.5,0.41369745813597747
189,120509,10.5,0.41381551785475457
189,6040,10.5,0.41349966004964633
189,6616,10.5,0.4134837530512676
189,6605,10.5,0.4134188379398448
189,110755,10.5,0.413576373159004
189,6627,10.5,0.4136563823166577
189,6617,10.5,0.4135471579233343
189,7225,10.5,0.4134340517681133
189,6606,10.5,0.4133989579857825
189,7260,10.5,0.4153665984731082
189,110803,10.5,0.4154545091058549
189,7275,10.5,0.415560600591243
189,112394,10.5,0.4160929434647954
189,7273,10.5,0.41621180381922385
189,7292,10.5,0.41589208449545556
189,7274,10.5,0.415799369733725
189,2014,1.7561224489795917,0.4487538363792517
189,2026,1.9693877551020407,0.44758292570195946
189,2418,1.7561224489795917,0.4416580641569984
189,3176,10.5,0.420313988522225
189,108667,10.5,0.4205499627175301
189,2739,10.5,0.42060990976103696
189,103505,10.5,0.41907882007901587
189,105129,10.5,0.421511157721989
189,2725,10.5,0.4202678974222769
189,1972,0.4765306122448979,0.4932240978436778
189,110598,2.395918367346938,0.42869310662960736
189,859,10.5,0.4194643346892044
189,871,10.5,0.41977771817839726
189,1097,10.5,0.4194538387426586
189,2332,10.5,0.4206621173602406
189,2331,10.5,0.42097710048637715
189,1071,8.580612244897958,0.4218272742567154
189,105859,4.10204081632653,0.42316882657484733
189,1084,3.248979591836734,0.42612288855045777
189,115238,3.248979591836734,0.42499391858162083
189,1083,2.822448979591836,0.42889006729618273
189,1349,2.182653061224489,0.43615555940095263
189,2777,2.609183673469387,0.427843868339578
189,2754,10.5,0.42078584817070785
189,2755,10.5,0.4208025398021302
189,2740,10.5,0.4205678886702141
189,2345,10.5,0.4213094167066509
189,4079,10.5,0.41524651044694505
189,2377,1.9693877551020407,0.4357224411051519
189,1971,1.3295918367346937,0.4418210313959614
189,117008,10.5,0.41569065011564355
189,113657,0.26326530612244897,0.5353758813589381
189,2002,2.609183673469387,0.4281467953984881
189,881,3.035714285714285,0.4307036907419385
189,1094,2.822448979591836,0.4317491292868527
189,894,3.035714285714285,0.43341134182754526
189,102609,10.5,0.41594913353859697
189,117747,10.5,0.4174351266574561
189,1949,0.05,0.5336673509933431
189,1962,0.4765306122448979,0.5059300899494227
189,115341,2.395918367346938,0.43097737780628986
189,1361,2.395918367346938,0.4375805154155743
189,1093,2.609183673469387,0.4345000548236202
189,3639,10.5,0.41551611720397275
189,4954,10.5,0.4134231004773248
189,4069,10.5,0.41509719892044616
189,2379,2.182653061224489,0.4328154129200559
189,2391,1.7561224489795917,0.43837947784251485
189,2362,10.5,0.4210465540201004
189,2756,10.5,0.4208105420329905
189,2363,10.5,0.42109929749707264
189,2361,10.5,0.4209642761569723
189,2347,10.5,0.42073950635780455
189,104769,10.5,0.42059335038236323
189,2334,10.5,0.42055192674886477
189,2333,10.5,0.42058493276113695
189,115495,1.7561224489795917,0.44886271520669363
189,2001,1.7561224489795917,0.44386461570343716
189,120988,1.7561224489795917,0.44510187082851993
189,121094,1.7561224489795917,0.4456359875086029
189,1984,1.7561224489795917,0.4417076383712786
189,105582,1.5428571428571427,0.4479449609201688
189,1955,10.5,0.4213770181005251
189,1956,10.5,0.42144420234134994
189,2364,10.5,0.4211546358884918
189,1954,10.5,0.42131765625482187
189,1953,10.5,0.4213210951204357
189,2346,10.5,0.4211095688860983
189,119470,10.5,0.4208927438982153
189,1952,10.5,0.42156386860606987
189,1942,10.5,0.4212118106737881
189,1938,10.5,0.421483688575397
189,111670,10.5,0.42174314857842565
189,1927,10.5,0.42094028000003425
189,1928,10.5,0.42089831492369867
189,1926,10.5,0.4209982960589391
189,1925,10.5,0.42109396821232503
189,1663,2.182653061224489,0.4471775066871764
189,2025,1.9693877551020407,0.4492395935226634
189,2024,2.182653061224489,0.45107517016725573
189,2038,2.182653061224489,0.4496261604557681
189,2013,1.7561224489795917,0.4515857753044964
189,2039,2.395918367346938,0.4479533082944125
189,1662,2.182653061224489,0.45134498344356233
189,1648,1.9693877551020407,0.45314097876099946
189,1636,1.7561224489795917,0.4543617363320622
189,2417,1.5428571428571427,0.45185166949111233
189,99686,1.5428571428571427,0.45175201817984234
189,1961,0.4765306122448979,0.4770105480797302
189,1604,0.9030612244897959,0.4639267643167446
189,1609,1.3295918367346937,0.45675730542248816
189,1580,0.4765306122448979,0.4998500817246424
189,1592,0.6897959183673469,0.4847300114392854
189,1964,10.28673469387755,0.42182448190915933
189,1963,10.5,0.4217064738663504
189,1957,10.5,0.42164319427036234
189,1588,10.5,0.42161993275997645
189,1587,10.5,0.42170329322567546
189,1586,6.661224489795917,0.4221512353716784
189,1570,10.5,0.42163652903015025
189,1593,6.447959183673468,0.42223678400344244
189,1566,3.248979591836734,0.42515947252233455
189,109559,0.05,0.49209205531887823
189,122887,4.528571428571428,0.42285198053996165
189,114453,0.26326530612244897,0.516306170688532
189,1941,10.5,0.4212847924039753
189,103892,10.5,0.4217399529124607
189,1940,10.5,0.4213386075162334
189,1939,10.5,0.4214066019667069
189,112831,10.5,0.4217489569307882
189,1569,8.15408163265306,0.42191299943809424
189,1568,5.3816326530612235,0.4224352450734108
189,114524,4.741836734693877,0.42292990088303317
189,1567,4.10204081632653,0.4234431208594912
189,121419,10.5,0.42027069810274575
189,1375,10.5,0.419956990404291
189,117023,10.5,0.4204962988671789
189,1690,10.5,0.42072121159465026
189,117512,2.182653061224489,0.4450332798702119
189,1676,2.395918367346938,0.4461850499814082
189,1347,2.395918367346938,0.4527097725299818
189,1673,2.395918367346938,0.4515504460902654
189,104556,2.395918367346938,0.45013920618425984
189,1360,2.395918367346938,0.44040755081940486
189,1664,2.395918367346938,0.4435032644132304
189,1340,1.9693877551020407,0.4562348996631329
189,1348,2.182653061224489,0.4548390164661671
189,1625,1.5428571428571427,0.45634651120051495
189,112460,1.5428571428571427,0.4526358380899519
189,103648,1.7561224489795917,0.4586997614567362
189,1614,1.5428571428571427,0.4593022593360475
189,99082,1.3295918367346937,0.45899737916945216
189,118946,1.3295918367346937,0.46460106669958545
189,1322,1.7561224489795917,0.46140294514152214
189,1304,0.9030612244897959,0.46650115441170004
189,1311,1.1163265306122447,0.4651905263641578
189,1290,0.6897959183673469,0.47668758886736773
189,1293,4.315306122448979,0.42392823156265624
189,116481,5.5948979591836725,0.4225141815704626
189,103536,4.315306122448979,0.4240902324145639
189,1291,0.4765306122448979,0.4868011859101893
189,1594,6.874489795918366,0.42210919584650164
189,1585,6.0214285714285705,0.42229646595965953
189,1284,4.528571428571428,0.42353396469933957
189,1283,4.10204081632653,0.42420291404046273
189,1265,5.1683673469387745,0.42278367186076515
189,1581,0.4765306122448979,0.48605014679878356
189,1276,0.4765306122448979,0.47707849229371857
189,1584,4.9551020408163255,0.42291410052071965
189,113095,3.675510204081632,0.424940607674431
189,113383,3.675510204081632,0.4250322651136136
189,1582,2.822448979591836,0.42818314597548923
189,1583,3.248979591836734,0.4264106460367286
189,109788,2.395918367346938,0.43173484460373246
189,109003,10.5,0.41997586265243014
189,1118,10.5,0.4206538245985989
189,1371,2.609183673469387,0.4384249977308823
189,116972,2.609183673469387,0.44153981556092403
189,1359,2.395918367346938,0.45390229751275935
189,1082,2.182653061224489,0.45716494657558937
189,109661,2.395918367346938,0.4558401100047298
189,1369,2.395918367346938,0.4524140839427332
189,1069,1.9693877551020407,0.45897838035207195
189,1056,1.9693877551020407,0.4614049356675072
189,1053,1.7561224489795917,0.46405160499607734
189,1037,0.9030612244897959,0.47029392660529823
189,1046,1.3295918367346937,0.4673094922816896
189,1292,3.462244897959183,0.4265611484401379
189,1032,3.462244897959183,0.42739230878405743
189,1031,3.035714285714285,0.43030931958233
189,1030,3.035714285714285,0.43129695517699274
189,1018,3.248979591836734,0.42758997317494074
189,1026,0.05,0.4896260631847902
189,99368,0.26326530612244897,0.4856241794209831
189,1025,0.6897959183673469,0.4738424526013941
189,114055,3.888775510204081,0.4248578063758476
189,1012,1.5428571428571427,0.46219280892467074
189,1277,0.6897959183673469,0.4585425181477828
189,1013,1.5428571428571427,0.45534543329137833
189,1282,4.10204081632653,0.4239933795313924
189,115004,6.2346938775510194,0.42224021888531926
189,1108,10.5,0.4209052936517663
189,1117,10.5,0.42120134790692565
189,1385,10.5,0.4210114322742847
189,1384,10.5,0.4215074615486437
189,109240,10.5,0.42138519069636937
189,100226,10.5,0.42173765681199615
189,887,10.5,0.42026397797262005
189,886,10.5,0.42090066038947693
189,103241,10.5,0.4213387222054268
189,1104,2.822448979591836,0.4357189507774547
189,841,2.182653061224489,0.45876423182734827
189,118351,1.9693877551020407,0.4594674929474083
189,830,0.05,0.47252920613341143
189,104599,2.182653061224489,0.4607232831489292
189,105329,1.5428571428571427,0.46608496978982905
189,825,0.05,0.47988938819017357
189,811,1.5428571428571427,0.46785704842446474
189,821,1.7561224489795917,0.46734536642206115
189,806,3.035714285714285,0.43227116110815966
189,1294,3.675510204081632,0.4264975462974523
189,1038,3.035714285714285,0.43009636691016173
189,805,2.822448979591836,0.4346822208240435
189,804,2.609183673469387,0.4368839800994272
189,1029,2.822448979591836,0.4328948439879129
189,1017,3.248979591836734,0.4276217377721112
189,1028,2.822448979591836,0.4316843496772752
189,104208,2.395918367346938,0.4395810172258384
189,803,2.395918367346938,0.4385070120245712
189,1016,3.462244897959183,0.42674266160561103
189,1281,2.822448979591836,0.43045773732805737
189,1027,2.609183673469387,0.43599301792041023
189,796,2.182653061224489,0.4411994618345586
189,1280,2.609183673469387,0.4343148689866173
189,802,2.182653061224489,0.44456955903599327
189,801,1.5428571428571427,0.4668683978952969
189,800,0.05,0.47961282778741965
189,100739,1.5428571428571427,0.4648766413685048
189,1014,1.7561224489795917,0.4458784273313199
189,1005,1.7561224489795917,0.4569818032531131
189,1004,1.7561224489795917,0.4620196905150187
189,787,1.7561224489795917,0.4651947676470263
189,794,1.7561224489795917,0.466182768153535
189,789,1.7561224489795917,0.46197614096003103
189,783,1.7561224489795917,0.4638999107138695
189,104481,1.9693877551020407,0.44634894606821696
189,1015,1.7561224489795917,0.45280389126378395
189,788,1.7561224489795917,0.46550042387381174
189,895,3.035714285714285,0.43251903709714434
189,1114,2.822448979591836,0.43689135200813245
189,1128,3.035714285714285,0.43572934182964784
189,870,10.5,0.42046862271813046
189,111327,10.5,0.4211149705621926
189,882,3.248979591836734,0.42940278674086363
189,114693,10.5,0.4200409482124531
189,679,10.5,0.42056599959482543
189,670,10.5,0.41987546669755826
189,100228,2.182653061224489,0.46144563588283094
189,842,2.395918367346938,0.45950601897715737
189,855,2.395918367346938,0.45696366897880214
189,826,0.05,0.48338338408296844
189,831,2.182653061224489,0.4640636236011596
189,647,1.9693877551020407,0.4683182306646867
189,652,2.182653061224489,0.466490273103664
189,822,1.9693877551020407,0.46760405600641086
189,812,1.7561224489795917,0.46868015015672637
189,99127,1.9693877551020407,0.46923444258738023
189,109219,1.7561224489795917,0.4683616606109773
189,639,1.7561224489795917,0.4695465336877086
189,816,2.822448979591836,0.43488289641595446
189,815,2.609183673469387,0.43725690587211385
189,814,2.609183673469387,0.4398499560490037
189,813,2.395918367346938,0.4417303497595071
189,107455,2.395918367346938,0.4449412874848975
189,122491,2.182653061224489,0.44465405202599795
189,631,2.182653061224489,0.4520236140280288
189,630,1.9693877551020407,0.4536939630786935
189,629,1.9693877551020407,0.4509018933140656
189,634,1.7561224489795917,0.46846038103803445
189,795,1.9693877551020407,0.4491248023337957
189,114013,2.182653061224489,0.438180753730012
189,790,1.9693877551020407,0.4589407539820145
189,105210,1.9693877551020407,0.4478600066642877
189,624,1.9693877551020407,0.45995861567653384
189,123116,1.7561224489795917,0.46676930384901816
189,628,1.7561224489795917,0.46824685431216695
189,623,1.9693877551020407,0.4666499845500033
189,117683,1.9693877551020407,0.46620922320515656
189,622,1.7561224489795917,0.46642612304529607
189,615,1.7561224489795917,0.4659219129181784
189,621,1.7561224489795917,0.4671523860644945
189,620,1.7561224489795917,0.46708418805559904
189,883,3.462244897959183,0.4270089742797142
189,686,4.528571428571428,0.4228956618529096
189,122955,10.5,0.42078710658911067
189,688,10.5,0.42111927249506886
189,669,10.5,0.42034497045536967
189,677,10.5,0.42157592514432773
189,668,10.5,0.42056640398460454
189,678,10.5,0.4210326607017807
189,113891,10.5,0.4210088644302097
189,653,2.182653061224489,0.46858064012847866
189,117813,2.395918367346938,0.4667479402455451
189,656,2.395918367346938,0.4647139690193607
189,103653,1.9693877551020407,0.47033025207141876
189,648,2.182653061224489,0.4702642041373978
189,635,1.7561224489795917,0.4696753634999389
189,640,1.9693877551020407,0.47117766789816273
189,115384,1.9693877551020407,0.47017959942941545
189,488,1.9693877551020407,0.4692600105877158
189,494,1.9693877551020407,0.4720085266216888
189,490,1.9693877551020407,0.4628855137505624
189,496,2.182653061224489,0.4550989521698888
189,491,1.9693877551020407,0.46092611371925474
189,105761,1.9693877551020407,0.4599584098753927
189,108543,1.9693877551020407,0.4677907343617568
189,485,1.9693877551020407,0.47163381507119506
189,121989,1.9693877551020407,0.46959905281240966
189,483,1.9693877551020407,0.4695152025963337
189,484,1.9693877551020407,0.46949854343134967
189,378,1.9693877551020407,0.4626382703448042
189,377,1.9693877551020407,0.46633216282405787
189,641,2.395918367346938,0.44673573728174565
189,497,2.182653061224489,0.45364668957443244
189,489,1.9693877551020407,0.47256096554466176
189,495,1.9693877551020407,0.4747847371368804
189,107282,1.9693877551020407,0.4728572902594751
189,122668,1.9693877551020407,0.4681379014142375
189,363,1.9693877551020407,0.47205377231963996
189,360,1.9693877551020407,0.47276404979651687
189,367,1.9693877551020407,0.47584366365353536
189,362,1.9693877551020407,0.4744663474152043
189,361,1.9693877551020407,0.4760464874264251
189,100916,1.9693877551020407,0.4725978462023779
189,370,1.9693877551020407,0.4729407661498316
189,114200,1.9693877551020407,0.4674484148380159
189,379,2.182653061224489,0.46015882698698785
189,369,1.9693877551020407,0.4753243115276953
189,224,1.9693877551020407,0.4792968885744764
189,223,1.7561224489795917,0.48070776979725804
189,118540,1.9693877551020407,0.47394864419311933
189,214,1.9693877551020407,0.4775553837392744
189,222,1.9693877551020407,0.4820837797709765
189,111286,1.9693877551020407,0.47642964121221365
189,368,1.9693877551020407,0.47923366938989176
189,375,1.9693877551020407,0.47742193131487143
189,213,1.9693877551020407,0.4796555366756333
189,212,1.9693877551020407,0.48087761631531256
189,91,1.7561224489795917,0.48503025643967534
189,92,1.9693877551020407,0.4816087290580051
189,113616,1.7561224489795917,0.48508281842558953
189,90,1.7561224489795917,0.4863592829312937
189,221,1.9693877551020407,0.48415754438331804
189,89,1.9693877551020407,0.4872630891913007
189,220,1.9693877551020407,0.4846266116997725
189,88,1.9693877551020407,0.48581941878451285
189,108912,1.9693877551020407,0.48237120943772827
189,106068,1.7561224489795917,0.4885960030055787
189,81,1.7561224489795917,0.48791947475240904
189,104268,1.7561224489795917,0.4872582046888918
189,80,1.7561224489795917,0.48899412029334155
189,24,1.9693877551020407,0.48978871992940465
189,29,1.9693877551020407,0.48827030164607776
189,97,2.182653061224489,0.4820839443241187
189,33,1.9693877551020407,0.4848002724813465
189,28,1.9693877551020407,0.4874969789983813
189,25,1.7561224489795917,0.4904876127956742
189,103622,1.7561224489795917,0.49077917173552243
189,32,1.9693877551020407,0.4863038616059533
189,104577,2.182653061224489,0.4841063517451052
189,37,2.182653061224489,0.48245384657520685
189,106423,1.9693877551020407,0.488776267528387
189,31,2.182653061224489,0.4845436557534697
189,27,1.9693877551020407,0.488051821807705
189,106403,2.182653061224489,0.486320062495214
189,35,2.182653061224489,0.4827977743197862
189,36,2.182653061224489,0.4821772489571735
189,30,2.182653061224489,0.48483125724976717
189,111889,2.182653061224489,0.4864856133692056
189,96,2.182653061224489,0.48483910389375184
189,34,2.182653061224489,0.48314642740722546
189,23,1.9693877551020407,0.48951325969781845
189,22,1.9693877551020407,0.4897426774761463
189,26,1.9693877551020407,0.48850139614595245
189,16,0.4765306122448979,0.5001481618625896
189,109365,0.4765306122448979,0.4927769464523809
189,118578,1.9693877551020407,0.49055737878237426
189,100,2.182653061224489,0.4830288895408632
189,115972,2.395918367346938,0.48175479512880304
189,38,2.395918367346938,0.4811150465717463
189,39,2.395918367346938,0.4802559941650901
189,101,2.182653061224489,0.48058765653411084
189,40,2.395918367346938,0.4792077577520406
189,102,2.182653061224489,0.4802565269995799
189,41,2.395918367346938,0.47895290834303095
189,105,0.05,0.517696123278095
189,42,2.395918367346938,0.4780242307554815
189,106,2.395918367346938,0.4780875508081459
189,111,2.395918367346938,0.47684717310967195
189,116884,2.395918367346938,0.47660582035147336
189,109,0.05,0.5436063499047034
189,115,2.609183673469387,0.47619362906036655
189,110,2.395918367346938,0.475007534897974
189,238,2.182653061224489,0.47931628850435615
189,119877,2.182653061224489,0.48019882113140244
189,107,2.182653061224489,0.47734343108789934
189,107782,0.05,0.5140083062476923
189,104,0.4765306122448979,0.5592903065254484
189,112,2.395918367346938,0.47541213428245177
189,245,2.395918367346938,0.4750243663838727
189,107316,2.182653061224489,0.4768481334618966
189,108,0.05,0.6023139311378249
189,117882,0.05,0.5228849244766689
189,117,2.609183673469387,0.4726212247369064
189,113849,2.395918367346938,0.4742699611810315
189,116,2.609183673469387,0.4731482295842283
189,101409,2.609183673469387,0.47490126469255756
189,118,2.609183673469387,0.472105582669917
189,250,2.395918367346938,0.47337162845359626
189,98746,2.609183673469387,0.4749526302294458
189,121,2.609183673469387,0.4736824539933484
189,122,2.609183673469387,0.4712158742119049
189,123,2.609183673469387,0.4708985223925344
189,124,2.609183673469387,0.4703480196224793
189,397,2.395918367346938,0.471164575273452
189,101710,2.609183673469387,0.46930378491360836
189,110801,2.609183673469387,0.47267524403758543
189,112284,2.822448979591836,0.4714520595067291
189,127,2.822448979591836,0.4697416624955941
189,128,2.822448979591836,0.4691922491293481
189,99561,2.822448979591836,0.46886411426048946
189,263,2.822448979591836,0.46787998218529037
189,126,2.822448979591836,0.4706351971748126
189,117490,2.822448979591836,0.46778582939323143
189,104453,2.822448979591836,0.46766112482019406
189,129,2.822448979591836,0.4671145476312163
189,270,2.822448979591836,0.4660113579355396
189,131,2.822448979591836,0.4655046107358983
189,277,2.822448979591836,0.46432302335352227
189,134,3.035714285714285,0.464791968872149
189,116489,3.035714285714285,0.4636289269020897
189,115205,2.822448979591836,0.4661906428963011
189,130,3.035714285714285,0.46579575173875987
189,104243,3.035714285714285,0.4642390958195022
189,102521,3.035714285714285,0.4633203435237646
189,385,2.182653061224489,0.4777535048655761
189,394,2.395918367346938,0.47303138649147114
189,391,2.182653061224489,0.4746931706083024
189,401,2.609183673469387,0.46689464549568105
189,407,2.822448979591836,0.46422510990871535
189,404,2.822448979591836,0.4649926219142413
189,410,3.035714285714285,0.4620123724871532
189,100964,3.035714285714285,0.4624921223301245
189,376,1.9693877551020407,0.4790749366822137
189,384,2.182653061224489,0.47646248259070256
189,503,2.182653061224489,0.4527452931120213
189,106980,1.9693877551020407,0.4654599359926044
189,386,2.182653061224489,0.45846132156104924
189,118163,2.182653061224489,0.47543891228210466
189,502,2.182653061224489,0.4738637246466909
189,380,2.182653061224489,0.4624137802017113
189,387,2.182653061224489,0.4560954070726554
189,504,2.182653061224489,0.452592038471635
189,388,2.182653061224489,0.45423124146772886
189,381,2.182653061224489,0.45915763903453477
189,505,2.395918367346938,0.4496952254629838
189,492,2.182653061224489,0.4559533879207771
189,498,2.395918367346938,0.45064528370835366
189,390,2.395918367346938,0.4724797189900204
189,510,2.182653061224489,0.4729333489391657
189,393,2.395918367346938,0.4709805066882399
189,396,2.609183673469387,0.4689378238013113
189,400,2.609183673469387,0.46704953903245083
189,523,2.822448979591836,0.462785546629375
189,519,2.609183673469387,0.464849080440222
189,406,2.822448979591836,0.4628186763140313
189,526,2.822448979591836,0.46079808948956824
189,530,3.035714285714285,0.4608846563983289
189,100752,3.035714285714285,0.46190084154755173
189,290,3.035714285714285,0.46007990673113064
189,101045,3.035714285714285,0.45992081447382227
189,119190,3.035714285714285,0.4610898096582352
189,373,2.182653061224489,0.45829928546668863
189,372,2.182653061224489,0.46108836391503905
189,120412,2.395918367346938,0.45158655175760287
189,113360,2.395918367346938,0.4458251163239062
189,506,2.395918367346938,0.44423815614278384
189,499,2.395918367346938,0.44550617249900926
189,636,2.609183673469387,0.4429185623230769
189,644,2.609183673469387,0.4389055432441
189,509,2.182653061224489,0.47203960470201756
189,501,1.9693877551020407,0.4715231044656949
189,642,2.395918367346938,0.4472974687078999
189,117497,2.395918367346938,0.4440875325720619
189,643,2.609183673469387,0.43988089191212876
189,512,2.182653061224489,0.4704926034568184
189,513,2.395918367346938,0.4707459484118949
189,101957,2.395918367346938,0.468584909548141
189,106771,2.395918367346938,0.4687398698898114
189,516,2.609183673469387,0.4667514636355963
189,518,2.609183673469387,0.46279433839408934
189,98913,2.609183673469387,0.46470105843843745
189,522,2.822448979591836,0.4606658671467958
189,674,2.822448979591836,0.45874793904247835
189,529,3.035714285714285,0.45860363985763064
189,684,2.822448979591836,0.45656871552730505
189,532,3.035714285714285,0.45631357307599374
189,533,3.035714285714285,0.45745245036593185
189,409,3.035714285714285,0.45950261709606877
189,695,3.035714285714285,0.45483838628723383
189,537,3.035714285714285,0.4556781207518017
189,700,3.035714285714285,0.4542564560201079
189,534,3.035714285714285,0.4580040837099405
189,538,3.248979591836734,0.455981176361444
189,539,3.248979591836734,0.4567933795375153
189,411,3.248979591836734,0.45838186337659337
189,701,3.248979591836734,0.4544639219273394
189,709,3.248979591836734,0.4537742769316908
189,543,3.248979591836734,0.45528232976552774
189,414,3.248979591836734,0.4570608789833459
189,540,3.248979591836734,0.4556065109138522
189,417,3.248979591836734,0.4558614556561458
189,544,3.248979591836734,0.45440192125477574
189,553,3.248979591836734,0.45403063803695143
189,423,3.248979591836734,0.45483365980801393
189,122309,3.248979591836734,0.45272402064047923
189,99177,3.462244897959183,0.45323453068666164
189,719,3.248979591836734,0.452104101704367
189,797,2.822448979591836,0.4388565515461893
189,632,2.609183673469387,0.4466397498207779
189,807,2.822448979591836,0.4359794104777024
189,120652,2.395918367346938,0.44302425154423053
189,102763,2.395918367346938,0.4418967114081317
189,817,3.035714285714285,0.43227216903429655
189,659,2.609183673469387,0.4629341239495317
189,658,2.395918367346938,0.46224228369520537
189,515,2.395918367346938,0.46619317047119135
189,103395,2.609183673469387,0.4606628335484685
189,667,2.609183673469387,0.4608493372539434
189,666,2.609183673469387,0.4590443702092357
189,102589,2.609183673469387,0.4586348162737721
189,673,2.822448979591836,0.4568606668143904
189,687,10.5,0.42161309943003034
189,683,2.822448979591836,0.4550278450774097
189,884,4.741836734693877,0.4227309232023485
189,119290,10.5,0.4214840371653994
189,694,3.035714285714285,0.45340332733562805
189,699,3.035714285714285,0.45336608897646535
189,901,3.035714285714285,0.45229543312173515
189,900,3.035714285714285,0.45188458141672927
189,708,3.248979591836734,0.4527958157465629
189,911,3.248979591836734,0.4509574696103218
189,718,3.248979591836734,0.45124411308399004
189,917,3.248979591836734,0.44981323466131695
189,106343,3.248979591836734,0.44921284517264903
189,916,3.248979591836734,0.4498109595882416
189,720,3.462244897959183,0.4509436696082736
189,108689,3.462244897959183,0.4516663288824131
189,722,3.462244897959183,0.4494311894392612
189,120187,3.462244897959183,0.45043105264162575
189,923,3.462244897959183,0.4480529587110602
189,922,3.462244897959183,0.4480078518321431
189,723,3.462244897959183,0.449393746492183
189,928,3.462244897959183,0.4481235379310503
189,726,3.462244897959183,0.44955785602849163
189,107776,3.462244897959183,0.4506701760768821
189,113828,3.462244897959183,0.44870890301733624
189,732,3.462244897959183,0.44991382880983555
189,560,3.462244897959183,0.4509496762701539
189,436,3.462244897959183,0.45144214744389954
189,109470,3.462244897959183,0.4506947570817321
189,106177,3.462244897959183,0.44863719900220245
189,731,3.462244897959183,0.4497292954361921
189,808,3.035714285714285,0.4334269268794575
189,1019,2.822448979591836,0.4360172894736404
189,625,2.822448979591836,0.4402807773200438
189,818,3.035714285714285,0.43152551587998367
189,1020,3.035714285714285,0.4311258590249737
189,1040,3.248979591836734,0.42881805066776557
189,1039,3.248979591836734,0.4285289287032792
189,1305,3.248979591836734,0.42853720924117567
189,856,2.609183673469387,0.45751356896216
189,1092,2.395918367346938,0.4546183288557303
189,867,2.609183673469387,0.4557876288104272
189,868,2.609183673469387,0.4570832533135436
189,104157,2.822448979591836,0.45492033007930777
189,114307,2.609183673469387,0.45384709538316703
189,896,3.035714285714285,0.43113515187570195
189,1106,3.462244897959183,0.42763635315850446
189,897,3.248979591836734,0.43009937903173656
189,885,10.5,0.42167893745391527
189,1107,4.10204081632653,0.4239073010917558
189,105885,6.661224489795917,0.4220049926943612
189,1115,3.035714285714285,0.43377732077434183
189,1116,3.035714285714285,0.43334373786018754
189,1105,3.248979591836734,0.431517113894092
189,910,3.035714285714285,0.45057837602182815
189,1127,3.035714285714285,0.4501591916200509
189,1126,2.822448979591836,0.45106329558809244
189,893,2.822448979591836,0.45232477607228216
189,116175,3.035714285714285,0.44931443585021646
189,1137,3.035714285714285,0.44890856297655657
189,1141,3.248979591836734,0.44840791668729796
189,921,3.248979591836734,0.4481723762699872
189,1147,3.248979591836734,0.4465339570963951
189,1146,3.248979591836734,0.44749788232053445
189,1148,3.462244897959183,0.44664551665571417
189,1155,3.462244897959183,0.44682579058402994
189,1162,3.462244897959183,0.44696878694894937
189,932,3.462244897959183,0.44772332610512466
189,931,3.462244897959183,0.4475103362341738
189,113460,3.462244897959183,0.44691623001564995
189,1278,2.182653061224489,0.4365525320362392
189,121553,1.9693877551020407,0.43825182917235606
189,111387,1.9693877551020407,0.44144534735725216
189,109295,3.035714285714285,0.4348149378384606
189,791,2.822448979591836,0.4380105765095943
189,1033,3.462244897959183,0.427196586773095
189,1021,3.462244897959183,0.42807478091262785
189,1008,3.035714285714285,0.43155435329073255
189,1009,3.675510204081632,0.4262302802839124
189,114761,3.462244897959183,0.42854282487103934
189,1022,3.888775510204081,0.4257686468644114
189,1285,4.10204081632653,0.4243703142863805
189,1297,4.10204081632653,0.4245614014652246
189,1298,4.315306122448979,0.4241024544190771
189,1041,3.675510204081632,0.4259225527621252
189,1306,3.675510204081632,0.4259189730332358
189,1307,3.675510204081632,0.4258352163640281
189,1296,4.315306122448979,0.4239293957184421
189,1103,2.609183673469387,0.45262861448606073
189,112556,2.822448979591836,0.4520057361899872
189,109186,2.609183673469387,0.4508593781815351
189,1370,2.609183673469387,0.4511484317947666
189,114960,2.822448979591836,0.4377963162046573
189,1372,3.248979591836734,0.43324944589645686
189,1373,3.248979591836734,0.4307044201409632
189,1383,3.248979591836734,0.4344126211839774
189,1095,3.462244897959183,0.4283054605720902
189,1096,3.675510204081632,0.42528316157663004
189,1382,2.822448979591836,0.43965374561591786
189,1396,3.035714285714285,0.43879755096725437
189,1129,3.035714285714285,0.4358808902486341
189,1398,3.035714285714285,0.4360760073399803
189,892,2.822448979591836,0.4521568319759045
189,116786,2.822448979591836,0.4499073956683297
189,1113,2.822448979591836,0.4506609635280022
189,1395,3.035714285714285,0.4489698212594593
189,1397,3.035714285714285,0.4381792050232419
189,119576,3.035714285714285,0.4376716875942387
189,1404,3.035714285714285,0.4480948144689827
189,1408,3.035714285714285,0.44752542621789326
189,1140,3.035714285714285,0.4478527807024123
189,1145,3.248979591836734,0.4469266684407023
189,1409,3.035714285714285,0.44664314760407275
189,1419,3.248979591836734,0.44596975490744817
189,1410,3.248979591836734,0.44564972676218273
189,1420,3.248979591836734,0.4448802673429908
189,106315,3.462244897959183,0.44553182837246863
189,1429,3.462244897959183,0.44541958435283246
189,1434,3.462244897959183,0.4458823081086428
189,1161,3.462244897959183,0.44617679879128436
189,1279,2.609183673469387,0.43223496158220265
189,104889,2.822448979591836,0.42965351519115325
189,1571,5.1683673469387745,0.42280656337399236
189,1269,4.10204081632653,0.4244969542674527
189,1589,5.1683673469387745,0.42281255269837836
189,102036,4.528571428571428,0.42383237996243195
189,1295,4.528571428571428,0.42365898348793163
189,1595,6.0214285714285705,0.4223490095969693
189,1596,5.3816326530612235,0.42270912101474034
189,1597,0.26326530612244897,0.4334980909424937
189,107736,2.609183673469387,0.44970190210020433
189,1674,2.609183673469387,0.44984502979033014
189,1381,2.822448979591836,0.4411588985717366
189,1687,3.248979591836734,0.43567929589200627
189,1679,3.248979591836734,0.4348568851597442
189,103181,3.248979591836734,0.4325587551776834
189,1362,3.248979591836734,0.4310223786075795
189,1685,2.822448979591836,0.44316640554887154
189,1686,2.822448979591836,0.4421809830461799
189,1703,3.035714285714285,0.441015538328122
189,114651,3.248979591836734,0.43643917554869893
189,1374,4.528571428571428,0.42320212444548355
189,1688,9.860204081632652,0.42180651607565955
189,1689,10.5,0.4213301664736404
189,1394,2.822448979591836,0.4492819506795288
189,1700,2.822448979591836,0.44816773025168477
189,107838,3.035714285714285,0.44075844139858866
189,113497,3.035714285714285,0.439448223922013
189,1704,3.248979591836734,0.4382721337488139
189,1707,3.035714285714285,0.44715028528786893
189,1721,3.035714285714285,0.4465315631132746
189,1722,3.035714285714285,0.44571066046620633
189,118703,3.248979591836734,0.4449112269480624
189,1723,3.248979591836734,0.4444186473292099
189,1732,3.462244897959183,0.44364905509547337
189,1731,3.248979591836734,0.44397855784617657
189,1421,3.462244897959183,0.4446897567460836
189,1736,3.462244897959183,0.44393705338604206
189,99396,3.462244897959183,0.44464383487885395
189,1433,3.462244897959183,0.44508709994178675
189,110355,0.4765306122448979,0.4511840974086231
189,98342,0.4765306122448979,0.4292511436448778
189,1965,7.087755102040815,0.42206100868041097
189,1677,2.609183673469387,0.444447492867202
189,1675,2.609183673469387,0.44852755708773806
189,2047,2.395918367346938,0.44854017209398256
189,1682,2.822448979591836,0.44856770681078195
189,1683,2.822448979591836,0.44738114483108216
189,2056,2.609183673469387,0.4473206195943651
189,2048,2.395918367346938,0.4471957534385397
189,2057,2.609183673469387,0.44614947019439777
189,115142,2.822448979591836,0.4447758325726764
189,1666,3.248979591836734,0.4335910846488876
189,1678,3.248979591836734,0.43511099504905326
189,2050,3.248979591836734,0.4361057946237997
189,2059,3.248979591836734,0.43718153798129933
189,122129,2.822448979591836,0.44756662460026286
189,1380,2.822448979591836,0.44968415579148613
189,1684,2.822448979591836,0.4459360995288031
189,1701,2.822448979591836,0.4464833862761308
189,103926,2.822448979591836,0.44418382375130583
189,1702,3.035714285714285,0.4449794368659551
189,98174,3.035714285714285,0.44285117719134404
189,1705,3.248979591836734,0.43775445040729377
189,1708,3.035714285714285,0.44612033553902064
189,1709,3.035714285714285,0.44505714989682854
189,116437,3.035714285714285,0.44379860812730154
189,1712,3.248979591836734,0.440099305010634
189,2071,3.248979591836734,0.43947166416042005
189,2072,3.248979591836734,0.43902028322854947
189,119693,3.035714285714285,0.44595530156052454
189,2085,3.248979591836734,0.4435315523467115
189,2088,3.248979591836734,0.4407558105293272
189,1711,3.248979591836734,0.4411121006293178
189,2087,3.248979591836734,0.44131386146022555
189,1724,3.248979591836734,0.4432290767095708
189,2104,3.248979591836734,0.4431479657841404
189,2086,3.248979591836734,0.44230893707900776
189,2097,3.248979591836734,0.4423239639285458
189,1733,3.462244897959183,0.44305008158758974
189,2105,3.248979591836734,0.44265261561044533
189,2106,3.462244897959183,0.4424213587944932
189,101738,3.462244897959183,0.4432158536013182
189,2114,3.462244897959183,0.4428029125801457
189,1745,3.462244897959183,0.4436249017591124
189,1744,3.462244897959183,0.4441394523960538
189,2125,3.462244897959183,0.44330111202213884
189,2113,3.462244897959183,0.4431290032357834
189,107010,3.462244897959183,0.443621392720815
189,99934,0.6897959183673469,0.4232278201156757
189,2058,3.248979591836734,0.43727622898006513
189,2049,3.248979591836734,0.4364491494392896
189,2461,3.248979591836734,0.43811356788024725
189,2462,3.248979591836734,0.43863404877242895
189,2089,3.248979591836734,0.44031084498947926
189,2468,3.248979591836734,0.43989341655851955
189,1710,3.035714285714285,0.4424435010173101
189,2098,3.248979591836734,0.4417798080656453
189,2099,3.248979591836734,0.441261452924003
189,2479,3.248979591836734,0.4408570412745717
189,104074,3.248979591836734,0.4419804552677765
189,2488,3.248979591836734,0.4416388099633197
189,2107,3.462244897959183,0.4424032759351296
189,119402,3.462244897959183,0.4424956541410128
189,2500,3.248979591836734,0.4421614219546022
189,2126,3.462244897959183,0.4429763911486828
189,2508,3.462244897959183,0.44277988204546104
189,2518,3.462244897959183,0.44349726668661027
189,98500,3.462244897959183,0.44310903112472966
189,2467,3.248979591836734,0.4394805101050814
189,2883,3.248979591836734,0.4404317604764145
189,103727,3.248979591836734,0.4391580711275672
189,99677,3.248979591836734,0.4401111479040841
189,2901,3.248979591836734,0.44113736127550884
189,2923,3.248979591836734,0.44201824922114785
189,2912,3.248979591836734,0.4417380172934051
189,2499,3.248979591836734,0.442338301034354
189,2507,3.462244897959183,0.443100768540437
189,2928,3.462244897959183,0.44263716052612967
189,2124,3.462244897959183,0.4438689201625593
189,2517,3.462244897959183,0.44397647642721716
189,2506,3.462244897959183,0.4435905083224386
189,116575,3.248979591836734,0.4407456363323814
189,114034,3.248979591836734,0.4412705012539716
189,2911,0.05,0.4789055530857512
189,2922,3.248979591836734,0.4421803372293809
189,2921,0.05,0.540000331325686
189,2927,0.05,0.522277236098633
189,114,0.05,0.5191462433000564
189,120,2.609183673469387,0.47377980450436563
189,428,3.462244897959183,0.4532612811165413
189,556,3.462244897959183,0.45201593797899775
189,98223,3.248979591836734,0.45413050418337975
189,2900,3.248979591836734,0.44066830541535196
189,2882,3.248979591836734,0.43997835450960887
189,1364,3.888775510204081,0.4246939113391903
189,137,3.035714285714285,0.46196354326816436
189,138,3.248979591836734,0.4601797564496677
189,1350,3.248979591836734,0.4321233951827247
189,880,2.822448979591836,0.453539790010673
189,879,2.822448979591836,0.45323437470061334
189,133,3.035714285714285,0.4659446048951499
189,116849,3.035714285714285,0.46458942778212153
189,110460,3.035714285714285,0.4629565146998239
189,730,3.462244897959183,0.4485341104119176
189,233,1.9693877551020407,0.46940421129299836
189,122139,3.462244897959183,0.4439318304166672
189,1007,2.822448979591836,0.4357132573952578
189,136,3.035714285714285,0.4637289925540339
189,109048,3.248979591836734,0.4620814013031701
189,101151,3.248979591836734,0.46121570722899596
189,109281,2.822448979591836,0.4720948378259261
189,105007,3.462244897959183,0.4464383432879856
189,101318,3.248979591836734,0.44132554823248327
189,1268,3.462244897959183,0.4273574368453078
189,1267,3.035714285714285,0.43220167946348487
189,132,3.035714285714285,0.4657622282806255
189,108191,2.822448979591836,0.4689594940093903
189,116490,3.035714285714285,0.46719945412005004
189,225,1.9693877551020407,0.47643289650126774
189,365,2.395918367346938,0.4557153994383081
189,1743,3.675510204081632,0.4441125603813939
189,103519,3.035714285714285,0.46770396540363657
189,262,2.822448979591836,0.4725026710982071
189,125,2.822448979591836,0.47086226436904266
189,112106,3.248979591836734,0.46281921321895914
189,143,3.248979591836734,0.46143258166083956
189,144,3.248979591836734,0.46048303303960636
189,276,2.822448979591836,0.46932113349147675
189,1166,3.675510204081632,0.44623164484491873
189,1160,3.675510204081632,0.4455699832537804
189,937,3.675510204081632,0.4473422379473112
189,283,3.035714285714285,0.4668317501985676
189,110099,3.035714285714285,0.4681568252822169
189,115404,3.248979591836734,0.4413299134264722
189,2899,3.248979591836734,0.44075343740488426
189,2910,0.6897959183673469,0.47232202739387186
189,145,3.248979591836734,0.4601889279508842
189,121441,3.248979591836734,0.45990032347708065
189,313,3.248979591836734,0.4551802269485913
189,320,3.462244897959183,0.45429644696989446
189,2926,0.05,0.5628467130318318
189,2920,0.05,0.5674355747972959
189,122657,0.26326530612244897,0.46575962206350896
189,2498,0.26326530612244897,0.5833119674964071
189,2919,0.05,0.5726291346833171
189,2909,0.6897959183673469,0.4940125273770367
189,2497,0.05,0.5857480886584837
189,2918,0.6897959183673469,0.5125068510310637
189,2487,0.6897959183673469,0.5244782105504009
189,2908,0.9030612244897959,0.47591892673304603
189,122212,0.9030612244897959,0.46691859547266834
189,2898,0.9030612244897959,0.45230789657744264
189,2123,3.462244897959183,0.4441803122665373
189,2516,3.462244897959183,0.44440158726160484
189,2505,0.26326530612244897,0.5000378984112172
189,2122,3.675510204081632,0.4445216299335868
189,2515,3.462244897959183,0.4447141167579771
189,115014,0.05,0.5592087633281642
189,104326,3.675510204081632,0.44479157000259073
189,99797,3.462244897959183,0.4449721903268835
189,2112,0.26326530612244897,0.5581413605913303
189,111505,0.4765306122448979,0.6084872993953695
189,100939,0.05,0.5951893635976173
189,2486,0.6897959183673469,0.5314982168414335
189,2907,0.9030612244897959,0.4843598598209885
189,1750,3.675510204081632,0.44453663147998745
189,2132,3.675510204081632,0.4448029918504204
189,1749,3.675510204081632,0.4450976978889156
189,1432,3.675510204081632,0.444775007498466
189,2131,3.675510204081632,0.44533409682096003
189,1441,3.675510204081632,0.44544522216438887
189,106205,3.675510204081632,0.44569537921093905
189,119958,3.675510204081632,0.44556694544035325
189,1363,3.462244897959183,0.4280219969285185
189,1667,3.462244897959183,0.4277148294483816
189,122168,3.675510204081632,0.42568881834467487
189,1654,3.248979591836734,0.4302496167558779
189,1352,3.248979591836734,0.429872338233647
189,1351,3.248979591836734,0.4310303987803258
189,1260,3.248979591836734,0.4295398981314178
189,1259,3.035714285714285,0.43421542093180343
189,1266,2.822448979591836,0.4364691174951071
189,1006,2.822448979591836,0.4386154851191637
189,785,2.822448979591836,0.4413772162912243
189,116423,2.609183673469387,0.4450000155368635
189,486,2.395918367346938,0.45218397615987627
189,432,3.462244897959183,0.45229535152244726
189,431,3.462244897959183,0.4526035813431799
189,121313,3.462244897959183,0.4520803059406979
189,564,3.462244897959183,0.4516167638604701
189,427,3.462244897959183,0.453466873896897
189,322,3.462244897959183,0.45370931995053054
189,324,3.462244897959183,0.452570299540327
189,319,3.462244897959183,0.454587171624781
189,303,3.248979591836734,0.45616578187054635
189,298,3.248979591836734,0.45705092743143394
189,297,3.248979591836734,0.45849802988638366
189,371,2.182653061224489,0.4648545416497182
189,98350,3.248979591836734,0.4552270952354195
189,311,3.248979591836734,0.4557874427931673
189,318,3.462244897959183,0.4550935824557374
189,312,3.248979591836734,0.4564073270319754
189,160,3.248979591836734,0.45776760355686985
189,159,3.248979591836734,0.45720503830152004
189,302,3.248979591836734,0.45767700092962915
189,161,3.248979591836734,0.45656430232481027
189,146,3.248979591836734,0.45908141965510274
189,153,3.248979591836734,0.4588862395187733
189,269,2.822448979591836,0.4708449286354407
189,275,2.822448979591836,0.46921438767903123
189,118000,2.822448979591836,0.472002989735932
189,268,2.822448979591836,0.47076179224095105
189,119,2.609183673469387,0.47450550479891607
189,261,2.822448979591836,0.47330292367124416
189,99153,2.822448979591836,0.4724832024574439
189,101462,2.609183673469387,0.47510027096905727
189,103748,2.822448979591836,0.4738344744735392
189,226,1.9693877551020407,0.4713343542565831
189,108882,3.248979591836734,0.45880554493261483
189,158,3.248979591836734,0.45799346705139865
189,152,3.248979591836734,0.4594312974862752
189,115596,3.035714285714285,0.46408437827906257
189,135,3.035714285714285,0.4650562533289002
189,113,0.05,0.5005582366426571
189,100368,3.675510204081632,0.4451516154660513
189,2496,0.4765306122448979,0.6178375669419387
189,99048,0.4765306122448979,0.5733174257253659
189,142,3.248979591836734,0.4630627633923542
189,6002,10.5,0.41330414250340874
189,6003,10.5,0.41326257962617186
189,5990,10.5,0.41324624022937007
189,6563,10.5,0.41328303312219095
189,6562,10.5,0.41337075436319937
189,5467,10.5,0.413332596345936
189,6001,10.5,0.4133940167188215
189,6014,10.5,0.41338417415895623
189,5468,10.5,0.41329946102799975
189,6004,10.5,0.4132359650002485
189,5991,10.5,0.4132078066469601
189,5992,10.5,0.4131732161525433
189,100873,10.5,0.41321463614251897
189,106837,10.5,0.4132833095608204
189,6013,10.5,0.4134697563993318
189,6548,10.5,0.4133352947940706
189,6561,10.5,0.4135043079071534
189,6575,10.5,0.4135212838381931
189,6549,10.5,0.4132182505284261
189,6589,10.5,0.41360989408403337
189,6588,10.5,0.41376210064449903
189,118665,10.5,0.4137073854347204
189,121455,10.5,0.4137412448027862
189,6564,10.5,0.4131537574167282
189,6015,10.5,0.4132788864847068
189,6576,10.5,0.41321483626376987
189,5482,10.5,0.41335634187174
189,105069,10.5,0.41334837157150406
189,98689,10.5,0.41390479750955456
189,6590,10.5,0.4133550879104435
189,115526,10.5,0.413286341850469
189,6591,10.5,0.41335392163471496
189,115262,10.5,0.41322166020947326
189,105269,10.5,0.41315888780920385
189,111021,10.5,0.41311350714015815
189,6551,10.5,0.41311224437558736
189,7180,10.5,0.41350702487369684
189,7179,10.5,0.4136756419932809
189,6550,10.5,0.4131566489806241
189,6542,10.5,0.41311680030586795
189,7165,10.5,0.4130706002251009
189,7155,10.5,0.41307696189394505
189,6541,10.5,0.41317462093689994
189,108735,10.5,0.4132535761608297
189,7163,10.5,0.4133682061143056
189,7154,10.5,0.41309075683396523
189,7153,10.5,0.4131445654295073
189,7164,10.5,0.41324930344131183
189,123111,10.5,0.41334707149212624
189,101911,10.5,0.4141440298978306
189,7142,10.5,0.4130885597520543
189,7143,10.5,0.41306514542495765
189,7806,10.5,0.4130411822771428
189,7822,10.5,0.4130440074438011
189,7181,10.5,0.41310418373958346
189,7197,10.5,0.41317671958488544
189,7835,10.5,0.41310971212497805
189,101421,10.5,0.4130108358538017
189,7792,10.5,0.4130443581234432
189,8493,10.5,0.4130776528295723
189,8481,10.5,0.41301035717501333
189,7836,10.5,0.4131527232663482
189,122741,10.5,0.4129922864094746
189,8466,10.5,0.4129942975331158
189,9116,10.5,0.4130509797659664
189,110304,10.5,0.4129970937124252
189,9129,10.5,0.41312928967560003
189,109030,10.5,0.4130339239651849
189,9128,10.5,0.4130897494132888
189,8451,10.5,0.413019534388931
189,9775,10.5,0.4130494328196722
189,9764,10.5,0.4129977809833404
189,9755,10.5,0.4129780218802568
189,9107,10.5,0.4129778141543794
189,9763,10.5,0.4129820271844239
189,10431,10.5,0.41299760593242707
189,9754,10.5,0.41296954553935816
189,10430,10.5,0.4129770112601576
189,9096,10.5,0.4129719903241148
189,110061,10.5,0.41300692884768153
189,106153,10.5,0.41300392481081816
189,8450,10.5,0.4130639998376059
189,102359,10.5,0.4130405464518372
189,7791,10.5,0.41308992120434784
189,10446,10.5,0.4129954207594775
189,11064,10.5,0.4129692269335814
189,10419,10.5,0.4129654589902825
189,11078,10.5,0.41298409664347235
189,10447,10.5,0.41303753527357634
189,11093,10.5,0.41302125136289036
189,11779,10.5,0.412977201571025
189,117593,10.5,0.41299257728877026
